# Cameras (600)
# PhotoID, X, Y, Z, Omega, Phi, Kappa, r11, r12, r13, r21, r22, r23, r31, r32, r33
B1_K00097	457919.2423395239700000	7553595.7765438911000000	491.7246799879976600	-1.3840127623603669	-2.7153989038157245	68.8319359445868170	0.3606993921166244	0.9326663708783552	-0.0054211769290580	-0.9314781619656720	0.3599324539555188	-0.0528872609482811	-0.0473749122189268	0.0241261107963281	0.9985857742177645
B1_K00098	457906.0954999706000000	7553599.5627189912000000	497.1719431598225500	-2.8723689895999218	-5.0375653816682497	68.6674319848766150	0.3623756018900037	0.9319150319116485	-0.0147748587800142	-0.9278865909905706	0.3592249891714777	-0.0999193745709481	-0.0878088686566161	0.0499177368463746	0.9948858337183122
B1_K00099	457892.5895485018300000	7553605.1750170942000000	504.4157320357879300	-2.2335843845460093	-5.8231732041702022	68.8802578916404680	0.3584589193712296	0.9335454851554810	0.0001739799657116	-0.9280158091261355	0.3563558992602723	-0.1086145988086634	-0.1014586671269359	0.0387724155582417	0.9940839193230140
B1_K00100	457881.8501696328200000	7553609.3658387493000000	512.4733100630026000	-0.9644269302820592	-0.8931333270635552	69.5718822572359270	0.3489895691556414	0.9370696359657769	-0.0103333427082672	-0.9369969641908389	0.3487366662691129	-0.0204799095861587	-0.0155874859330162	0.0168295855704102	0.9997368630453796
B1_K00102	457849.6654334898300000	7553622.5633263057000000	527.2620316181451000	-4.0245419855489741	-4.1750647507564427	69.0213343264013870	0.3570702079239700	0.9332407029386467	-0.0395304565077821	-0.9312359643896763	0.3523664833684641	-0.0929378288199804	-0.0728041567519528	0.0699975126495417	0.9948868794905852
B1_K00103	457835.4383436840100000	7553628.0405585393000000	533.2376924426940800	-4.1241731711417993	-4.5130432239755365	69.4431040739160320	0.3500486238411548	0.9358864538648352	-0.0397807292444160	-0.9334208419528703	0.3449294612871742	-0.0987380298777236	-0.0786860391359755	0.0716952732643062	0.9943180049846466
B1_K00104	457821.8783514325600000	7553633.7767905174000000	540.4287882029254900	-3.2859231221365488	-4.1637848102094619	69.8560263884842390	0.3434713656110204	0.9387199568636064	-0.0288489790337471	-0.9363522454495457	0.3399069351566936	-0.0877937803832242	-0.0726078056884723	0.0571674559375562	0.9957208386564642
B1_K00105	457807.5447428424400000	7553639.9760171901000000	547.9308053864180000	-1.8170517754366156	-3.7527592068523092	70.1163086281076030	0.3393826162210135	0.9406179666071481	-0.0075684016023433	-0.9383685749282564	0.3379892552875102	-0.0723027032503434	-0.0654511832902453	0.0316402308150291	0.9973540185911310
B1_K00106	457793.3596426634500000	7553645.2396348976000000	555.0800827280287400	-2.7536252078832213	-3.4197766016052111	70.3066183069533820	0.3363864331479884	0.9413880673381355	-0.0251530170624531	-0.9398329288911320	0.3338993109161501	-0.0722863468549666	-0.0596509292961158	0.0479557800800947	0.9970667027792168
B1_K00107	457779.1290098857700000	7553651.8587900847000000	561.8946985617167200	-3.6295779537106632	-4.5522212426166959	69.7547236671979930	0.3449480945019071	0.9380766204604191	-0.0319854067515628	-0.9352601683592779	0.3406315960016473	-0.0962212725230042	-0.0793676859942339	0.0631060215108658	0.9948459179536251
B1_K00108	457765.1529621882900000	7553657.6166656073000000	568.5163519245464800	-4.3604296576752937	-4.5315705160855178	69.9970978684442850	0.3409984193424808	0.9390102195700080	-0.0444959048566860	-0.9367378243556868	0.3354329567052085	-0.1000348937989956	-0.0790083946635054	0.0757927377727404	0.9939884981596155
B1_K00109	457750.3959404648000000	7553663.7622531746000000	575.7712301082461900	-3.0161367109153554	-4.9944695452528567	70.4491175713023810	0.3333732480657971	0.9425722463193857	-0.0204899473520182	-0.9387666941968128	0.3298635688093524	-0.0995345158181100	-0.0870595850027358	0.0524174249728607	0.9948231210714627
B1_K00110	457736.4276130384500000	7553669.3688644376000000	582.6225086277262300	-3.1855263469493358	-0.1178689255207065	92.3784186720588560	-0.0414992281233018	0.9975899529119232	-0.0556066535079836	-0.9991364181110906	-0.0415494112037978	0.0002538360840991	-0.0020571993850865	0.0555691666106714	0.9984527207899657
B1_K00111	457735.0739415666900000	7553670.2816972965000000	583.4692110777729100	-1.8985278510267161	0.3404784113564672	-113.1225640800338400	-0.3926923942988437	-0.9190847710496183	0.0328004128710680	0.9196506787547140	-0.3926648172438592	0.0075478715437445	0.0059424343358466	0.0331289137086860	0.9994334207693111
B1_K00112	457747.9795579348600000	7553664.9570094775000000	584.8136597530402700	-0.5852649199869769	-0.3393921841606370	-113.0827379337771400	-0.3920530968040679	-0.9199153870505392	0.0070745992110609	0.9199235194913438	-0.3919838591341559	0.0094537011246056	-0.0059234764285225	0.0102144430073916	0.9999302863605291
B1_K00113	457765.8968873539700000	7553656.3954599909000000	585.5877742295894000	-1.5832908532283423	-1.1551221792684512	-113.2173341958180100	-0.3941398523757088	-0.9188848304777267	0.0174483548558104	0.9188293522754606	-0.3935575624370138	0.0294120119286975	-0.0201593195895210	0.0276245066300864	0.9994150731638640
B1_K00114	457783.1430480265400000	7553647.2228662549000000	586.0612525138035400	-0.8951042908474409	-1.6913360821240935	-113.1432077729905800	-0.3928594289914240	-0.9195943776661402	0.0027657941638335	0.9191247620081379	-0.3925587216934607	0.0332764464130480	-0.0295150964087258	0.0156150756392908	0.9994423587665088
B1_K00115	457800.3862648526000000	7553639.2551681865000000	586.0742750412175600	-1.4319484380682006	-0.8587419263142292	-113.5177811846137200	-0.3989888324446403	-0.9167993820394729	0.0169353085742042	0.9168332956629828	-0.3985656189252403	0.0237098159945140	-0.0149873129084725	0.0249868065742858	0.9995754298445929
B1_K00116	457817.9559788553700000	7553630.2770083975000000	586.1388893267264800	-0.4415833173349368	-1.6689686917508253	-113.2926990315883600	-0.3952607170788311	-0.9185582579276053	-0.0044376037826211	0.9181071325941821	-0.3952105505024769	0.0297978833345361	-0.0291248796395429	0.0077037370497892	0.9995460938953489
B1_K00117	457834.9148038022100000	7553621.9142697332000000	586.4419451274864100	-1.5441818089979464	-1.4300156111666427	-113.6556426589964600	-0.4011138026008901	-0.9159106921720122	0.0146738314028759	0.9156882225602110	-0.4004770562903907	0.0336631319027924	-0.0249558896370390	0.0269394014404324	0.9993255086419317
B1_K00118	457851.3856350026900000	7553613.9325061385000000	585.7962524872492600	-1.0769820160024499	-1.7165180833748352	-113.4848192357208300	-0.3983272526594542	-0.9172280349346649	0.0053039342628796	0.9167541290097656	-0.3979192980349332	0.0349585353659420	-0.0299544108991882	0.0187873409848054	0.9993746890363010
B1_K00119	457868.1415820487300000	7553606.0386215560000000	586.0214827267641300	-1.7082898387556329	-1.4802277519544209	-113.5764942383976700	-0.3998395869200854	-0.9164275618593332	0.0169949579621142	0.9162210507522085	-0.3990895002394022	0.0355887195215458	-0.0258319741811360	0.0298009171540480	0.9992220045849084
B1_K00120	457885.5528026311700000	7553597.4253277145000000	585.8615308092864800	-1.0557951364978577	-1.1578813288903338	-113.7345542043193400	-0.4024177384281537	-0.9154144719932921	0.0087354601259761	0.9152330971480474	-0.4020907403463470	0.0259116655682267	-0.0202074660252851	0.0184222960829830	0.9996260687496441
B1_K00121	457901.2971417524400000	7553589.8322262419000000	586.0166008683791000	-1.3026371748661250	-1.8832516019695824	-113.6488900308783200	-0.4009141469128535	-0.9160837280878471	0.0076452559022353	0.9155260064709793	-0.4003427982496386	0.0392144790217790	-0.0328630229960584	0.0227210700082712	0.9992015686022713
B1_K00122	457917.9101082785100000	7553581.3872367162000000	586.2758354745501500	-1.6764749011779243	-1.2855799241699890	-113.5912568781929400	-0.4001084567351260	-0.9162942290092666	0.0178356029713158	0.9161931353838722	-0.3994363691681086	0.0322602799316513	-0.0224357198348092	0.0292484678250481	0.9993203518418811
B1_K00123	457935.4722588132700000	7553574.3192768386000000	586.4738957856121700	-2.4761126257170614	-1.0730500950848041	-113.4798120594762200	-0.3983560502732069	-0.9166664968781271	0.0321712715308761	0.9170396668623990	-0.3973118427232631	0.0343736677232071	-0.0187271624020022	0.0431952906348351	0.9988911153150482
B1_K00124	457951.9182251904900000	7553567.1233716551000000	586.5971306604719800	-1.9126784423428980	-0.5945264401775867	-113.4023044689852100	-0.3971634205602325	-0.9173648914357715	0.0265117583334495	0.9176892451400666	-0.3966456807563596	0.0227739608232472	-0.0103762576659613	0.0333745396726250	0.9993890500593299
B1_K00125	457969.2726075308700000	7553558.8731152248000000	586.7969190800201900	-1.7252854665391042	-0.5172163054292945	-113.5581381792098300	-0.3996631221383437	-0.9163480685708382	0.0239917908695062	0.9166176421963793	-0.3992490925084580	0.0203041903439431	-0.0090270048732637	0.0301061348842271	0.9995059448674384
B1_K00126	457986.8121579974500000	7553550.0355192469000000	586.6297102518735800	-1.2812868606216019	-1.1618390467910706	-113.5201719026052700	-0.3989898648277122	-0.9168713093027313	0.0124132969939507	0.9167311220932289	-0.3985563973903132	0.0275108684876380	-0.0202765270806710	0.0223562133813165	0.9995444273131613
B1_K00127	458003.2089691957200000	7553541.7166090887000000	586.3224205769017800	-1.2559332082331331	-1.1812520400160345	-113.7765913077506600	-0.4030857669526513	-0.9150867911198863	0.0117485828125049	0.9149299835716725	-0.4026610882677635	0.0276978908323307	-0.0206152769016592	0.0219137562487565	0.9995472963523726
B1_K00128	458015.9752411486700000	7553537.0994195249000000	586.5857115501862600	-9.4358687860154813	-2.1753125902772621	-21.4476900948582350	0.9300810552960399	-0.3549123282651556	0.0947969926991967	0.3653881196947301	0.9204338513338436	-0.1388994143425316	-0.0379572465460134	0.1638254087867785	0.9857588360600629
B1_K00129	458023.0151992155000000	7553550.4752532011000000	586.6561320490814100	-5.3457200532536753	-0.0385357276915516	-22.5882749735944270	0.9232886312692861	-0.3823779303719537	0.0364035950607921	0.3841063017074639	0.9192972230026029	-0.0857610912262536	-0.0006725752771621	0.0931650908021053	0.9956504474454537
B1_K00130	458029.3461596433800000	7553566.9037053222000000	586.4173466021500200	0.3920978824404751	-8.8978232616158248	54.6061463537750380	0.5722235605631855	0.8145577795999028	0.0951620745342754	-0.8053797275077760	0.5800430265880380	-0.1221211768125806	-0.1546728523558400	-0.0067609910416283	0.9879426085275618
B1_K00131	458020.5403607254300000	7553575.0616179695000000	586.0474843112352800	-2.1493946281587664	-6.6147621792094764	67.3366600690225990	0.3827506870153318	0.9238002717208275	0.0097452325686664	-0.9166419497875233	0.3810578462329057	-0.1206749920823160	-0.1151930878092070	0.0372555471422011	0.9926442347226501
B1_K00132	458004.6105813857300000	7553582.8383141458000000	586.0592836024917500	-3.2414439420367662	-3.5589995949248987	67.2187806779406150	0.3864666153335381	0.9218741837761075	-0.0281344010025996	-0.9202119784551722	0.3833576920250918	-0.0790366666352561	-0.0620763235078959	0.0564346458510261	0.9964746162383728
B1_K00133	457988.0984137721800000	7553590.9214955755000000	585.9370691992109000	-2.6889444865779688	-3.9792395354936718	67.1062697733500360	0.3880853105946789	0.9214801542172054	-0.0162516794352915	-0.9190071402457136	0.3855956795439874	-0.0821087577205122	-0.0693950133512985	0.0468006121845259	0.9964908603801274
B1_K00134	457971.2260907864000000	7553598.0566278892000000	585.7723433865701300	-2.1888620628787905	-4.3708799578133481	67.1626871038154430	0.3869870615894648	0.9220678837546202	-0.0056419775458461	-0.9189301949658023	0.3851500262739778	-0.0850103172636557	-0.0762122755365879	0.0380824764088476	0.9963640971292096
B1_K00135	457953.2870239424500000	7553605.2559522968000000	586.2224750439253300	-1.7625362752336131	-4.5770916063339220	67.1414520771096900	0.3872185502646918	0.9219841705802991	0.0026426369913961	-0.9185280038487909	0.3860119266439853	-0.0854464664813859	-0.0798003789243273	0.0306591207955590	0.9963392584032693
B1_K00136	457937.3170708597200000	7553614.7191135259000000	586.0271247821556200	-2.1745771809459704	-3.4382952213727611	66.9513732702831700	0.3908074816169088	0.9204011978673503	-0.0114519551429623	-0.9185165672054140	0.3891362673365401	-0.0700020086323790	-0.0599735615203243	0.0378761192274495	0.9974811133604667
B1_K00137	457921.0465846656000000	7553622.7427864494000000	585.9502197335571100	-3.0886417751518263	-3.5507821248670188	66.5164910991110080	0.3977201279422884	0.9171722414039840	-0.0247745721973658	-0.9154141037510832	0.3948456252677414	-0.0781917569858049	-0.0619331775639767	0.0537774283962951	0.9966304579491387
B1_K00138	457907.1296814878000000	7553630.6132010520000000	585.7509363866383900	-2.0525777193480734	-2.8012937141251752	66.5166027508148260	0.3980071392656242	0.9172846256352898	-0.0133877805001699	-0.9160795888988507	0.3966221784137094	-0.0590680488358696	-0.0488723223973158	0.0357737775960305	0.9981641813549526
B1_K00139	457890.0461411431900000	7553639.1195405396000000	585.8624303227609300	-1.8501864670462616	-1.3523908688112078	66.5673603141793110	0.3975598707721232	0.9173529189405263	-0.0202428076844409	-0.9172726526013036	0.3967641640411301	-0.0344830236857389	-0.0236014817632452	0.0322772403411397	0.9992002551113262
B1_K00140	457872.9619196972900000	7553647.4270231072000000	585.7614645795469000	-1.9276903003940409	-2.4859998898493161	65.9018910488452430	0.4079160602110757	0.9129267881470877	-0.0130064332281083	-0.9119885271872248	0.4067373601553554	-0.0533070927056551	-0.0433752706129951	0.0336065371214590	0.9984934584472516
B1_K00141	457857.1681088929800000	7553655.5572828017000000	584.6725147690631300	-1.5839706916183585	-4.1330274428085954	66.2148271062526700	0.4022596651784220	0.9155178907254168	0.0037621180507414	-0.9126843548984235	0.4013313861648490	-0.0770739048099252	-0.0720723948137740	0.0275700968566417	0.9970182845189564
B1_K00142	457840.7462875935000000	7553663.6012465348000000	584.9921163866500800	-1.6336944594148575	-4.0224686679414239	66.3261526401768720	0.4005406598268655	0.9162767045526518	0.0020446318964630	-0.9135898887753805	0.3995349916096841	-0.0756657492319844	-0.0701476653413881	0.0284392540967974	0.9971311417629931
B1_K00143	457823.8273413543400000	7553670.6893615816000000	585.0619489695066000	-4.2667494313343264	-2.5715531161344791	65.9116495870874810	0.4077338366532883	0.9117494423238204	-0.0496595697745438	-0.9119978457159734	0.4039662547878944	-0.0712123191734809	-0.0448670018768064	0.0743250927671482	0.9962242381751918
B1_K00144	457807.8868828204600000	7553679.4256107258000000	585.4927338790643000	-1.0649151116306179	-3.5274711041257460	66.1872539745774160	0.4029838912288728	0.9151735405660092	0.0078341596812643	-0.9131365721766511	0.4026329449832377	-0.0637833220175989	-0.0615270994238442	0.0185499935849224	0.9979330206855005
B1_K00145	457790.8584841201700000	7553687.1769818403000000	585.5290963581900300	-2.6763149579858072	-4.2599508246543865	66.2456142809815130	0.4017038892890006	0.9156794765318492	-0.0128484080122445	-0.9127520016037929	0.3992027572781041	-0.0867233656509538	-0.0742816861572232	0.0465645234048190	0.9961495752454657
B1_K00146	457774.0778796631500000	7553695.0562636442000000	585.3097920371503700	-1.4472464722278124	-4.0681725778581486	66.4518020027027770	0.3985137179433733	0.9171477382815118	0.0051810014531619	-0.9144144881009115	0.3977503542918559	-0.0751052568855958	-0.0709433616492577	0.0251928923669280	0.9971621521157384
B1_K00147	457763.3626220515000000	7553702.0813011210000000	584.7136635259621500	-3.3109280675798840	1.3958665453195702	-43.0146249100729530	0.7309626180726538	-0.6820750254811875	0.0216173679065987	0.6819825793904766	0.7289993577501323	-0.0588191959126176	0.0243600572307230	0.0577373017617906	0.9980345643298052
B1_K00148	457770.9210981560800000	7553711.6749993823000000	585.1624666082738000	-3.2100254020402756	0.3551667122724654	-43.0004864148205850	0.7313338605898804	-0.6811883482784429	0.0336633112510992	0.6819914657617192	0.7299636836106612	-0.0451736785942478	0.0061987888238924	0.0559951317459080	0.9984117989276142
B1_K00149	457783.5601813896200000	7553724.7984217498000000	585.6716879394518900	-4.4436921191300343	-0.5684916295455817	-43.4491672877653340	0.7259490571395302	-0.6850853726004819	0.0604648549744888	0.6876769027520047	0.7243311236563776	-0.0494459373872075	-0.0099218879068962	0.0774755158198294	0.9969448834257660
B1_K00150	457797.3601168681100000	7553726.8550757961000000	585.7057046051630800	1.7756748843654091	-0.9837602956770646	-115.0928196630975600	-0.4240234234904973	-0.9049614621052846	-0.0353396156694488	0.9054884656017336	-0.4243640858764881	0.0024002667416803	-0.0171690125987858	-0.0309818450463860	0.9993724782501791
B1_K00151	457812.8220485396500000	7553721.0109153939000000	586.8073130794582500	0.8803108761429208	0.4407428775428892	-115.0585837818564300	-0.4235321909470663	-0.9058183309936253	-0.0106599468807705	0.9058483930326972	-0.4233876726469361	-0.0134746981669975	0.0076923385038833	-0.0153632641887786	0.9998523881262709
B1_K00152	457829.9066343398900000	7553711.7691440191000000	586.8895199770489600	-0.6167111022573870	0.6940441902161145	-114.6904435994217600	-0.4176848912798547	-0.9084707686993575	0.0148389357884836	0.9085112026679041	-0.4178097987853844	-0.0065089681083302	0.0121130600367901	0.0107626417628354	0.9998687110410194
B1_K00153	457847.3613327486700000	7553703.9566650074000000	586.1475986081020400	0.9043196564028215	1.4994253234921402	-114.5685951939318600	-0.4156399926559480	-0.9095225769747430	-0.0034754105061259	0.9091527312345719	-0.4153549793901471	-0.0303570812913432	0.0261669217463901	-0.0157772959987957	0.9995330755594256
B1_K00154	457865.7517466661500000	7553696.6072709020000000	586.6454643921507600	-0.0144484938431246	0.3947482782886433	-114.3604242686644300	-0.4124655081813521	-0.9109680402554945	0.0030715132692670	0.9109471652822612	-0.4124768672840503	-0.0061721973193278	0.0068896026671872	0.0002521678018537	0.9999762346108471
B1_K00155	457883.0971886251900000	7553688.2869909089000000	586.9063606447774600	-0.0693832881544596	0.5817283568191459	-114.4082299273665600	-0.4132139365722517	-0.9106185650260007	0.0052982688164202	0.9105773779470905	-0.4132461285253838	-0.0087450574488631	0.0101529007414261	0.0012109041125197	0.9999477247925339
B1_K00156	457899.6256748263800000	7553680.6509686150000000	586.9033304127661900	-0.2900362494416867	0.5797675599665383	-114.5842154650006500	-0.4160089903605955	-0.9093177960410412	0.0088128169288884	0.9093042022620465	-0.4160715370169968	-0.0070953388148506	0.0101186801383365	0.0050618067305723	0.9999359931640026
B1_K00157	457916.3926263717000000	7553672.0016997559000000	587.0232337030472500	-0.6336901546726820	0.2085168048889520	-114.5227551992682900	-0.4150518553257009	-0.9097241525349504	0.0115725401386279	0.9097904774780862	-0.4150658378530050	0.0012795849246315	0.0036392967575702	0.0110596809153719	0.9999322171913256
B1_K00158	457933.1660399648800000	7553663.8650990166000000	586.9848467693929000	-0.0108642660638204	0.3032269674006129	-114.5216615757823600	-0.4150314259851897	-0.9098039916588095	0.0023690095815501	0.9097916833935353	-0.4150381437988768	-0.0047362453420527	0.0052922842570434	0.0001896145570462	0.9999859777885201
B1_K00159	457950.7916351668500000	7553654.5977980904000000	586.3888207918568000	1.1102485653449650	-0.7183019990140338	-114.3099039211473500	-0.4116395432563393	-0.9110610400653914	-0.0228181441550326	0.9112605143094551	-0.4118159783690134	0.0034460151537675	-0.0125364065098424	-0.0193747576743508	0.9997336931787784
B1_K00160	457968.5456436500500000	7553644.5882708505000000	586.9182836125558000	-0.1145574413842139	0.5656309733179366	-114.1826677968509200	-0.4096271333989068	-0.9122341687697666	0.0058679564012818	0.9121996250493334	-0.4096642821937935	-0.0081865715962082	0.0098719624822168	0.0019993057737360	0.9999492722799356
B1_K00161	457985.5702705229600000	7553636.4920989200000000	587.2836103650050700	-1.0039568379233088	0.6826397497501253	-113.5566728458231900	-0.3996275978793543	-0.9164410638690059	0.0208220908609631	0.9166001521478429	-0.3997859660129194	-0.0039169454513057	0.0119140293657708	0.0175202121494653	0.9997755238404815
B1_K00162	458002.4521226547100000	7553627.9213166591000000	587.2454410849645700	1.1968565191303910	0.7123312710409224	-113.8931813651513500	-0.4050014786257406	-0.9142078695928269	-0.0140631961342075	0.9142315038165531	-0.4047069904500901	-0.0198244624178063	0.0124322057692215	-0.0208859535424155	0.9997045649612368
B1_K00163	458018.8599413260800000	7553619.5685843453000000	586.9786154274669300	2.0251651083417910	1.8869694317338217	-114.0214608378244500	-0.4068580477729843	-0.9132962270744307	-0.0188820172112569	0.9128977401265173	-0.4057616915108742	-0.0444428371521465	0.0329278762487618	-0.0353192768024014	0.9988334714315001
B1_K00164	458035.2547251747500000	7553610.5739701409000000	586.2335748070644300	0.9520340337802500	2.9442606258108106	-113.8671040717600800	-0.4040825047602754	-0.9147054889148117	0.0055855076562168	0.9132792698582984	-0.4037802949497430	-0.0536884406310317	0.0513644292653531	-0.0165934312128028	0.9985421140076318
B1_K00165	458047.6265710878700000	7553604.4219085276000000	585.7576967614983200	-5.0582861058782385	-2.7361587723762386	13.9969409907575940	0.9692024384093566	0.2450120787666551	0.0248135978809937	-0.2415943468117228	0.9655117835144519	-0.0970523955570369	-0.0477368303302016	0.0880685934552423	0.9949699080257859
B1_K00166	458046.5700066692100000	7553613.4228183012000000	586.4072122611219100	-2.8579052006043044	-2.9001583567417657	13.4484121707563220	0.9713340519504933	0.2347340003693474	0.0375514126503908	-0.2322718980508274	0.9707833824286078	-0.0602444169723452	-0.0505957003835564	0.0497953157543471	0.9974770682234363
B1_K00167	458041.6232343524500000	7553632.1960966457000000	585.4978257142280400	-2.2589841437004101	-0.4662530900149798	12.5481886483048050	0.9760813055664234	0.2174049039090389	-0.0006266418818426	-0.2172534579988142	0.9752853686907012	-0.0402415780679761	-0.0081375617542462	0.0394151921744006	0.9991897831315885
B1_K00168	458039.8171368282600000	7553640.2497685179000000	585.4312202107639700	2.7429527284297044	-1.9339283666627494	156.3865601142859700	-0.9157468945296452	0.4015847875805183	-0.0117168060161901	-0.4003358147404843	-0.9145721073204872	-0.0573506403402477	-0.0337470086879372	-0.0478280137082206	0.9982853402256002
B1_K00169	458035.6366383255200000	7553630.2639154922000000	586.1844767791282000	3.3362126577803135	-3.3767333163152400	156.1895149083216600	-0.9132974055766725	0.4061645225314153	-0.0303023036046169	-0.4030118122154477	-0.9119514638011405	-0.0769805617398207	-0.0589010032320313	-0.0580939610268139	0.9965720061844378
B1_K00170	458027.6470656046900000	7553612.7908462286000000	585.6265474218453200	2.4363964605792567	-3.5442588533347230	156.3805747901614900	-0.9144745170584696	0.4027053181591536	-0.0395573555361570	-0.3998933629534527	-0.9143457798459163	-0.0636953149277207	-0.0618195431595647	-0.0424290184225150	0.9971850994069479
B1_K00171	458019.9179518035400000	7553595.7133862125000000	585.5364936184601000	2.4835168238508518	-3.6480507565130464	156.2873830612869600	-0.9137188486710723	0.4042960084464448	-0.0407750308090928	-0.4013345344712499	-0.9136053191814579	-0.0652373528286653	-0.0636274863872169	-0.0432441709091385	0.9970363507206874
B1_K00172	458011.9352883615100000	7553578.4360616412000000	585.1479054389966400	2.1838346198846885	-2.9034954945942086	156.7956540475036300	-0.9179255712634592	0.3954995248401244	-0.0315082762443116	-0.3935058209235605	-0.9176773908868324	-0.0549670369804581	-0.0506538697428620	-0.0380569587115423	0.9979909084624473
B1_K00173	458003.4807911352800000	7553561.0697656795000000	584.8525600336636200	2.2916669700822929	-2.7378290639258784	157.5873483840051400	-0.9234066442087743	0.3827352974994592	-0.0288766597633987	-0.3808393145825969	-0.9229942699150504	-0.0551633408364793	-0.0477659491620174	-0.0399408281334304	0.9980596897724441
B1_K00174	457995.1789763897500000	7553543.7753415667000000	585.1953503673196300	0.4141553086262479	-2.3912441277360319	157.5462789532234400	-0.9233835654749436	0.3822058163932491	-0.0357981134412213	-0.3816044875407627	-0.9240490010776264	-0.0226154525975722	-0.0417229684889819	-0.0072220165197124	0.9991031159884630
B1_K00175	457987.0770431165600000	7553526.6330866870000000	585.2473665554877000	2.1702988365630018	-2.2880664611238566	157.8399172309616500	-0.9253952202849364	0.3783253068801495	-0.0226638136207280	-0.3768949270768354	-0.9248989815357280	-0.0501207332141118	-0.0399236799098138	-0.0378396105716479	0.9984859857074834
B1_K00176	457978.9251840945200000	7553513.9562135478000000	585.3965954113256200	-4.7344436086504302	-4.7666049590472177	65.9891384899601120	0.4055025026666317	0.9131423802100882	-0.0416978871809248	-0.9103090714794528	0.3992562766656795	-0.1092328701686217	-0.0830970198822729	0.0822521671891581	0.9931412116508769
B1_K00177	457964.0954814538100000	7553518.6388714947000000	583.3326353452424700	-3.2617670865163384	-2.7701943504070341	67.2602136356339600	0.3860948496654952	0.9218387787933979	-0.0338235565024568	-0.9211921411955182	0.3833842258805820	-0.0664949196973993	-0.0483301775435931	0.0568313404614327	0.9972133135292375
B1_K00178	457946.6962124937000000	7553528.7165192980000000	584.4291520078620600	-4.2483002824388736	5.4887348991663032	3.3333554530139202	0.9937309166391717	0.0509117909741159	-0.0995331846937463	-0.0578786198865344	0.9959771642255262	-0.0684072635127994	0.0956500427365383	0.0737392560383374	0.9926800045550481
B1_K00179	457948.0170955784300000	7553541.9420059547000000	585.9402529369562000	-4.6714523060904565	2.6081288124667488	-23.7368737770284350	0.9144554778243964	-0.4045922717401408	-0.0087334257371740	0.4021200068185836	0.9108710343710627	-0.0928087218962352	0.0455047161641191	0.0813575589109117	0.9956456540430839
B1_K00180	457956.8822354082400000	7553559.1437771786000000	585.4391138223750200	-4.6678450711801158	1.7910114413425682	-24.9410808486546960	0.9062989347706556	-0.4225936364086319	0.0060711860870926	0.4214800482323675	0.9026619065725541	-0.0869255507019840	0.0312539561594426	0.0813394178103765	0.9961963106409564
B1_K00181	457963.7263382304800000	7553574.2910593860000000	586.0817592829087100	-6.2242710653040421	-0.3586036651017214	-25.5650956108549890	0.9020779154468366	-0.4283802797535359	0.0524000990588068	0.4315278232206695	0.8970706751835067	-0.0951206681654314	-0.0062587738033156	0.1084183547379771	0.9940856543107284
B1_K00182	457974.2563760055300000	7553591.9938317267000000	586.5699014935153200	-4.7544981150722112	0.9632729176863548	-26.1271291036441480	0.8976922847403701	-0.4401000966521323	0.0214584911957552	0.4403020958999631	0.8941161467763413	-0.0817947456743264	0.0168114920133251	0.0828747307724858	0.9964181615846199
B1_K00183	457981.7380372951700000	7553607.5783894304000000	586.1641622497289700	-6.0421931044830721	1.0188334587637167	-26.4239938566112400	0.8953839024219105	-0.4442141606863281	0.0310072044765738	0.4449398848643629	0.8897176206721436	-0.1021325331243061	0.0177810612899904	0.1052441680628490	0.9942874327618549
B1_K00184	457990.4194137061100000	7553624.3142622281000000	586.0954689436530300	-6.4452896668082866	1.2712678675867097	-27.2437943500510080	0.8888478938348038	-0.4570984382113817	0.0317874096168471	0.4576649467625814	0.8823072958647529	-0.1098937312526585	0.0221859895032260	0.1122267946995885	0.9934349140337374
B1_K00185	457923.2331996009500000	7553665.3621171704000000	585.6268409888180000	-5.4537049451795694	-0.4866915958794925	-26.5313881347192330	0.8946575107482726	-0.4439437098251889	0.0500192059948312	0.4466718995661002	0.8910004258824738	-0.0812554934466733	-0.0084942686393052	0.0950380112581229	0.9954374032637029
B1_K00186	457931.4384729469300000	7553682.3654038236000000	586.0306659443065200	-6.1645796729515077	-1.3516122169482727	-27.1996540940364180	0.8891716670107068	-0.4521965566369837	0.0699429821430024	0.4569653791819575	0.8854339081461348	-0.0847905450752173	-0.0235878955078876	0.1073548716673717	0.9939409151024981
B1_K00187	457930.2508279525800000	7553693.5712633561000000	585.9944733490531200	-2.7727842466732495	-4.4514568249625297	66.7882846273197400	0.3929409260627867	0.9194585762449768	-0.0139052218421722	-0.9162823948673992	0.3902176975985129	-0.0903145687969534	-0.0776144411883767	0.0482294002707445	0.9958162096835641
B1_K00188	457916.5527844031500000	7553699.7266965471000000	585.4539943804815000	-6.6718951187954563	-5.3113298147019794	67.2257343515553460	0.3854394394200812	0.9199560604328170	-0.0715352040079925	-0.9180782644565438	0.3745636069281338	-0.1297474650906405	-0.0925674828003564	0.1156847061539158	0.9889632500199832
B1_K00189	457900.5808915622200000	7553701.8653325588000000	584.3537298045994200	-3.3059860844100126	0.5504745388065294	156.1588407140577300	-0.9146273246049009	0.4040365606773796	-0.0145366681903192	-0.4041838122439128	-0.9129233967230166	0.0566243554990904	0.0096074453450842	0.0576656687440981	0.9982897212944932
B1_K00190	457892.3375324027700000	7553689.6315052640000000	583.8415984999811600	-0.8509364387808517	-2.8743149308667197	156.6967445175936600	-0.9172684703547270	0.3948700982300324	-0.0519245492701119	-0.3951000002481756	-0.9186172244457472	-0.0061955431952280	-0.0501452200811945	0.0148324129998046	0.9986317922175380
B1_K00191	457885.1491177222900000	7553672.7488829978000000	584.2665901470514900	-3.5443494665883346	-3.1382431220337694	156.9125817303072100	-0.9185280918414881	0.3882717132379931	-0.0745065178173610	-0.3915470564833098	-0.9194752198328411	0.0354432316896315	-0.0547452925582729	0.0617284117127820	0.9965904656026596
B1_K00192	457876.1434992681600000	7553653.0699983612000000	584.4147617716790800	-2.7538245281134093	-2.2157000496731127	157.2683241120994100	-0.9216350340932999	0.3842565581183690	-0.0541826676610399	-0.3861271070789686	-0.9219772474407926	0.0293906852646678	-0.0386616232285832	0.0480088819337063	0.9980984050407085
B1_K00193	457867.2167075933000000	7553636.5084907981000000	584.4285571269481400	-0.5871287525548758	-3.2822850064296740	157.0023280180658700	-0.9190106759759759	0.3901331404544525	-0.0567054685310552	-0.3900528196502789	-0.9207016198786133	-0.0129354178813470	-0.0572553519336588	0.0102303407589599	0.9983071495300974
B1_K00194	457857.9841716716800000	7553618.0366647411000000	584.5048854898074100	-0.5721669414570147	-3.1304171300347750	156.6195954562545300	-0.9165207412505741	0.3963136540099764	-0.0540852891529557	-0.3962418429103676	-0.9180610351226027	-0.0125035081721351	-0.0546089075563101	0.0099711300701497	0.9984580330592920
B1_K00195	457850.2208702926900000	7553600.9992592391000000	584.0978034903280300	0.0837553235135593	-4.5510465594504792	156.6432214137329600	-0.9151593647872425	0.3965615257386723	-0.0722654367317278	-0.3952054543999631	-0.9180069895604414	-0.0327996330878029	-0.0793472485643318	-0.0014571966209139	0.9968459714134769
B1_K00196	457841.7108005097800000	7553585.3862814847000000	582.9791826813675500	-12.9322905298069610	2.7235527527443071	114.6433752089921000	-0.4164980040153462	0.8903003043903669	-0.1841053520505389	-0.9078940143714379	-0.3967269465663054	0.1354111832039402	0.0475170634588029	0.2235466346662284	0.9735342987330524
B1_K00197	457831.8735197502500000	7553584.3112207334000000	584.1452344324080700	-6.8681579811877853	-5.5261144971523768	65.7547318719689860	0.4087350488968302	0.9099818325292411	-0.0697762443101531	-0.9075583066326003	0.3971965340692544	-0.1362821829350365	-0.0962994281679474	0.1190293148350243	0.9882097157711165
B1_K00198	457815.9168168640500000	7553591.7823373731000000	584.3993825389122800	-4.2764357521334881	-8.0639730792219915	67.0941180336417910	0.3853699469798338	0.9226522553345784	-0.0142414778297683	-0.9120372215258646	0.3784993508982705	-0.1578808028892972	-0.1402786887454445	0.0738312745088665	0.9873554741774895
B1_K00199	457806.9523388773100000	7553600.0411634650000000	585.2359993890124800	-6.0750129446067049	0.7167111913888937	-22.5528215580333220	0.9234540870858410	-0.3826037041900149	0.0291024841643431	0.3835049971947416	0.9178322718802201	-0.1025077451798407	0.0125086438560562	0.1058221443520845	0.9943063952291611
B1_K00200	457812.5637408443100000	7553613.8857217617000000	585.7584930990547000	-6.6452492498714975	0.0957099007592387	-23.6746612794631340	0.9158389850386426	-0.3990221385202039	0.0449475967561327	0.4015422307467919	0.9096097376862180	-0.1066487788645522	0.0016704521181303	0.1157214676590874	0.9932802985625697
B1_K00201	457821.4862466972600000	7553630.8198736664000000	585.5825156764425400	-7.2345189659687472	-0.1891726654578599	-24.9466717055478320	0.9066958061583060	-0.4180397955515465	0.0560842618758670	0.4217722300068922	0.8996578811671201	-0.1128001899329161	-0.0033016798683324	0.1259302433457105	0.9920336046328959
B1_K00202	457830.1345960736500000	7553649.2473734105000000	585.8748937474531400	-6.6794522315337224	-0.9401493918786962	-26.0351129112169810	0.8984042687270903	-0.4342278412295218	0.0656959042413717	0.4388627901561967	0.8932640981682607	-0.0973586274552099	-0.0164079660305720	0.1162988943403740	0.9930787208605095
B1_K00203	457838.7511699953500000	7553667.8175156265000000	586.0332128924882200	-5.9332442454090764	-1.9140847276556401	-26.2792189775205110	0.8961467747761687	-0.4372784249189927	0.0755548619126253	0.4424989719026146	0.8933723812891184	-0.0779772288231619	-0.0334008671055122	0.1033119908344405	0.9940880316281974
B1_K00204	457848.3550098736300000	7553686.6172693670000000	586.2196524029752700	-5.8170475039136580	-1.2308882118376390	-26.1284520203076800	0.8976018283015136	-0.4361626390740518	0.0638209221630218	0.4402834397317247	0.8941446207296754	-0.0815836375640731	-0.0214813995768661	0.1013289173737861	0.9946210333469103
B1_K00205	457856.8240237603300000	7553703.7871152610000000	585.8509805410196800	-6.1157259388816447	-1.0414566871739641	-26.1292828260588510	0.8976543016889144	-0.4361531531788949	0.0631441337852920	0.4403253265877122	0.8935457727157155	-0.0876901295887952	-0.0181758472928243	0.1065193833721474	0.9941444862499641
B1_K00206	457862.6773114919200000	7553719.5308917407000000	585.0328981060820300	-2.0903006018200201	-9.8000366119253162	67.3461118336470720	0.3795430695707810	0.9246255137962224	0.0318546319687041	-0.9093819716603995	0.3791778091205840	-0.1710222754191944	-0.1702101288403070	0.0359422913513641	0.9847520823702683
B1_K00207	457853.3925575750200000	7553726.4411858395000000	584.5812527654949200	-3.4307799469277227	-5.9336342745720927	67.3396012101030690	0.3832041674582281	0.9235341602657355	-0.0154667664658666	-0.9178604894274448	0.3788690867423188	-0.1182807552353843	-0.1033764382761280	0.0595220121745265	0.9928597293052215
B1_K00208	457834.6690107359300000	7553732.5541533791000000	583.8378868643249000	-0.0628273290616446	0.0177067991075399	79.8220330309223840	0.1767062474254331	0.9842629813201389	-0.0011338975322917	-0.9842635859432684	0.1767064831724856	0.0001104124571885	0.0003090419394965	0.0010965434802470	0.9999993510425271
B1_K00209	457822.8583338108100000	7553726.2450061403000000	582.0316334717597300	3.2046933188047304	-3.4467994378272349	156.5726307745906900	-0.9159049842519456	0.4000484283350203	-0.0328529269491179	-0.3968670288333091	-0.9147936233830886	-0.0751610806379322	-0.0601217202636898	-0.0558021648712702	0.9966300703612218
B1_K00210	457815.6853074440700000	7553710.4035651591000000	582.1259143480841700	0.6098967735769016	-6.2583256894269601	156.5268759406936600	-0.9117806901054338	0.3993606372712043	-0.0957447364046533	-0.3959450783963500	-0.9167328522298763	-0.0531824457521889	-0.1090113207174705	-0.0105810699276470	0.9939841914812424
B1_K00211	457807.2639446296400000	7553692.4581917990000000	581.8698639828252200	0.4183007040207666	-5.7759651523612430	156.7585603254277100	-0.9141851866469150	0.3952711702995497	-0.0895887629413971	-0.3926031667589899	-0.9185357598522181	-0.0464199453201047	-0.1006389485545152	-0.0072635943397861	0.9948964982505008
B1_K00212	457798.3243840374100000	7553674.5863212775000000	581.7863860494131800	1.5617017693306945	-5.2027429198684070	157.0331318193160500	-0.9169372871858670	0.3923292840316028	-0.0728268100322472	-0.3885911765992873	-0.9194243249042658	-0.0604632801253547	-0.0906802560506128	-0.0271411802540980	0.9955101443466107
B1_K00213	457790.4681298808400000	7553656.1039034203000000	582.8071298120330500	2.3836571380679761	-5.9491126986353811	157.6090802481271600	-0.9196267984937636	0.3845799221383935	-0.0799051624123130	-0.3788723230251128	-0.9221643464754574	-0.0779017389731914	-0.1036451365847212	-0.0413666723041609	0.9937537341237086
B1_K00214	457781.8731964343500000	7553638.3574613184000000	583.1349143552743000	1.8377724210118722	-5.0040582697576959	158.2016665322864200	-0.9249576841106230	0.3737471263289883	-0.0690388887912913	-0.3699254717376965	-0.9269802835991763	-0.0621506168757286	-0.0872263031680006	-0.0319474471470557	0.9956761183519619
B1_K00215	457772.5049293368400000	7553620.1630231710000000	583.1531447530923100	1.2652020244839008	-4.7397108437351596	158.6855452685863400	-0.9284138181428491	0.3650973234204725	-0.0689327695122118	-0.3622432752098833	-0.9307092672994261	-0.0505971276673141	-0.0826292432897311	-0.0220046402872806	0.9963373946405875
B1_K00216	457762.1816573660500000	7553615.2364621051000000	583.1956611977050200	-5.5546553923482840	-8.2334841156360170	67.2000162620769860	0.3835210913476574	0.9229061389558276	-0.0339975171027042	-0.9123613481168023	0.3729170022764461	-0.1689073114925472	-0.1432073425282133	0.0957975369766680	0.9850454248181709
B1_K00217	457747.5000257782500000	7553623.7360367347000000	582.7806094680665900	-1.3412195151436490	-5.6736211683284390	68.2405906463960010	0.3688939282262738	0.9293520622861236	0.0149001356476444	-0.9241989234847459	0.3684592677308641	-0.1004694871733322	-0.0988616181711872	0.0232918944649204	0.9948285621677783
B1_K00218	457735.6514569369000000	7553632.8536204845000000	582.3040799142265800	-4.9563219260073348	-2.4197675447432903	-23.7877845728271460	0.9142297576452050	-0.3985042352631486	0.0733370623445158	0.4029905602642623	0.9130954828286124	-0.0620906400021717	-0.0422203573396327	0.0863192546035729	0.9953725070097110
B1_K00219	457739.9570035555500000	7553645.8373862132000000	582.0753591286770600	-7.8259676889059531	0.6127419577204174	-23.2171221517248440	0.9189650201744736	-0.3918831640045095	0.0439417508247492	0.3941940215439641	0.9098840098997623	-0.1293141983995829	0.0106941607770966	0.1361568004124096	0.9906295779082760
B1_K00220	457748.8755803460400000	7553662.1833748668000000	582.9914987367207000	-6.7524070959410549	-1.1953168357579573	-24.8382868677654680	0.9072995059175759	-0.4149189727694947	0.0681898276697496	0.4199671864695647	0.9022324607405802	-0.0980007605829427	-0.0208607011042506	0.1175535317287600	0.9928474194595737
B1_K00221	457757.6931262098400000	7553680.7704871763000000	583.3689838582305400	-3.9589858665408322	0.9412479041074420	-25.6589755438749060	0.9012656671052818	-0.4330028281929514	0.0151244197963730	0.4329553631689582	0.8987452300494059	-0.0693301158709290	0.0164271361018023	0.0690330517965582	0.9974791160516328
B1_K00222	457766.4503386119600000	7553698.1052024961000000	583.7717407807383600	-5.2019682997622336	-1.6732382920381301	-26.1360097045340750	0.8973681078027646	-0.4363124565683451	0.0660448282743026	0.4403156550621188	0.8952195160148323	-0.0685867483803329	-0.0291993665291459	0.0906281324394687	0.9954566482799896
B1_K00223	457774.4283351918600000	7553714.5667945500000000	584.1262391233921100	2.6340171642290175	-3.1834646285552681	-26.0353991226637690	0.8971364638410309	-0.4407557398755410	0.0296739450288562	0.4382490292282635	0.8964535289845335	0.0656418978371373	-0.0555333559880532	-0.0458851625031542	0.9974019241182379
