# Cameras (998)
# PhotoID, X, Y, Z, Omega, Phi, Kappa, r11, r12, r13, r21, r22, r23, r31, r32, r33
b03_K00126DC.tif	342070.2438468569900000	7520534.0665785111000000	510.4837735412812700	-7.9307511340755701	1.9478730627488428	-6.0667969663861827	0.9938247581967349	-0.1093405641425857	-0.0188942062067390	0.1056267622608594	0.9843928180110911	-0.1407613829943113	0.0339902499180227	0.1378964135906526	0.9898632441046320
b03_K00127DC.tif	342073.7302908457300000	7520542.8461958952000000	510.2979699872644200	-7.6937811375573855	0.2519223102596218	-9.7567400271128264	0.9855266042747479	-0.1685199981339020	0.0183935449447432	0.1694638011266367	0.9765643198750178	-0.1326806287848968	0.0043968596061818	0.1338773295819473	0.9909881574719299
b03_K00128DC.tif	342079.3825229237600000	7520556.5151736420000000	511.2718810810773700	-8.0558000651914021	-0.0904484792495762	-11.8943481805201700	0.9785281016382009	-0.2038573288772449	0.0304128881787574	0.2061074046544994	0.9689188474837172	-0.1368064499115881	-0.0015786231106579	0.1401372771744190	0.9901308254444029
b03_K00129DC.tif	342082.4086343725200000	7520571.7396963425000000	509.4772831337381300	-7.6830346693283378	-1.1724677853277394	-11.2156643977699380	0.9806966459053917	-0.1900730746160726	0.0458946076996812	0.1944618097916784	0.9726283765700243	-0.1271953050364058	-0.0204619950752602	0.1336647574970753	0.9908153406971393
b03_K00130DC.tif	342088.1037038952300000	7520587.0388907893000000	508.7411922181908600	-9.8163621210381073	-0.0254528589376250	-15.6600854402901550	0.9628799290264035	-0.2659048300913426	0.0464420457366211	0.2699297036865836	0.9488031833685124	-0.1640441230201506	-0.0004442361778959	0.1704908811751260	0.9853591538572866
b03_K00131DC.tif	342094.9897059991500000	7520605.1443089880000000	510.4470551078427400	-6.2684897280777783	1.1207480553346307	-14.3588069413227510	0.9685763783023376	-0.2485796824962619	0.0082426236590516	0.2479460132772915	0.9624400022181121	-0.1105984476848459	0.0195594962773774	0.1091667695796553	0.9938309929383959
b03_K00132DC.tif	342098.3343578538600000	7520622.2064008797000000	509.0200884247026900	-7.3332573275558985	0.7071524404634584	-15.1877484625658190	0.9649990331996797	-0.2613602333588169	0.0216262419830197	0.2619628700367610	0.9567660401795837	-0.1263890781720570	0.0123418250589951	0.1276306106610150	0.9917449806157377
b03_K00133DC.tif	342103.5607570704300000	7520638.0615452267000000	509.5298051333825800	-8.6042916130981268	-0.9156096673314044	-14.9945301092583650	0.9658271943627127	-0.2535055905829373	0.0539698635596476	0.2586937940417814	0.9556974717018845	-0.1404274314615718	-0.0159797232053402	0.1495903009082544	0.9886189307920716
b03_K00134DC.tif	342108.0799008879100000	7520653.8011822738000000	511.1115582308642000	-8.5187306722700349	-0.2487328469418453	-15.1028133534275390	0.9654507407978248	-0.2570565126082492	0.0427412730111873	0.2605494600491758	0.9549759467467753	-0.1418975687007460	-0.0043411935012181	0.1481313284244244	0.9889581707929818
b03_K00135DC.tif	342112.5217861011600000	7520669.4236156326000000	511.3206586958628500	-7.7752003191559567	-0.3285215927129565	-15.2497211061536360	0.9647727448691125	-0.2598599943282521	0.0410649985442540	0.2630221945868292	0.9561228405387009	-0.1290288299370886	-0.0057337520392171	0.1352845044634693	0.9907902032921129
b03_K00136DC.tif	342117.6983340584000000	7520685.6511601536000000	509.9227941453738100	-8.1286415037129665	-0.2838251035911967	-15.8600490376393670	0.9619202984920362	-0.2698690854055186	0.0433591523369779	0.2732852000728028	0.9524590835204289	-0.1346732848065757	-0.0049536622977932	0.1413943809414421	0.9899409529199335
b03_K00137DC.tif	342122.6574113797400000	7520701.6588244736000000	510.5914338343511600	-8.5219532421888147	0.2944327499336762	-15.9552478885485360	0.9614640001719063	-0.2725836533449609	0.0358486862039729	0.2748828279931681	0.9506518528608194	-0.1438766330116510	0.0051387982948549	0.1481863913502348	0.9889460987185704
b03_K00138DC.tif	342128.3819501366200000	7520716.9340344127000000	510.4271624026621900	-8.0749382625393054	-0.5738014560012897	-16.2665440043716250	0.9599208749747159	-0.2759786016980864	0.0488643550304864	0.2800921677425604	0.9508451413508280	-0.1320677657068428	-0.0100145572568151	0.1404611283390992	0.9900355448511219
b03_K00139DC.tif	342133.2772360037800000	7520733.0859335512000000	510.4602378030335200	-7.3473327518693896	-0.2616826334108554	-16.2458188536168430	0.9600602589974455	-0.2769011398862894	0.0401255258337130	0.2797560360525896	0.9523506639723720	-0.1215103827807492	-0.0045672076699685	0.1278826476151298	0.9917787903827364
b03_K00140DC.tif	342137.6933686375900000	7520748.1351336390000000	509.1038733758559800	-8.7929909405845521	-0.5870361100937053	-15.9943946420541200	0.9612382024576139	-0.2707993224690850	0.0518540749251147	0.2755288499874194	0.9504222686636354	-0.1441574280183932	-0.0102455336935151	0.1528569206105912	0.9881952190032000
b03_K00141DC.tif	342142.4559183083500000	7520764.2782256175000000	508.7439691899342100	-8.0326527300424022	0.0813324331527888	-16.2137621819761790	0.9602256781549340	-0.2766726683522361	0.0376680447959643	0.2792214747826124	0.9507500852768039	-0.1345720749872452	0.0014195182704448	0.1397372889854505	0.9901875958801325
b03_K00142DC.tif	342147.8636444057300000	7520780.2010988519000000	510.7528378047158000	-8.4760880197980697	-4.7226176067670425	-14.5393643588703420	0.9646890799098334	-0.2365562334921291	0.1158280082654277	0.2501927916108920	0.9604491908219031	-0.1222330514856771	-0.0823319265453416	0.1468962227069457	0.9857195106244798
b03_K00143DC.tif	342144.7273714303700000	7520795.9320969740000000	510.3353815540236300	-2.2935648881099291	-9.9838054735920085	20.8319075033951010	0.9204745155296696	0.3618272294810179	0.1476743791810591	-0.3502421631096401	0.9314116321633670	-0.0990090836794917	-0.1733698169829472	0.0394135443326690	0.9840678223996739
b03_K00144DC.tif	342131.3719848342000000	7520800.8858260736000000	509.8171858184783200	-2.4041447984524549	-2.4759359327645702	83.2395015331447610	0.1176094617142622	0.9923861460374502	-0.0365752876710180	-0.9921198481024258	0.1158161997875674	-0.0477997371121029	-0.0431997860700889	0.0419087702003104	0.9981870733804341
b03_K00145DC.tif	342120.1279961160600000	7520794.0856245123000000	511.8285342218534900	-0.2192159352307568	-1.0996011902797422	126.7823318804299800	-0.5986663837391908	0.8008662255685934	-0.0145550583700156	-0.8007685597833633	-0.5988310743649318	-0.0130789157585754	-0.0191904831392609	0.0038253259281043	0.9998085277884093
b03_K00146DC.tif	342113.0580266843300000	7520782.0792731568000000	511.3667869071999800	-1.3935529305076173	-1.8751921933430662	155.9914821028997100	-0.9129957883408715	0.4060251606911646	-0.0397776238297939	-0.4066545618718837	-0.9135385897210597	0.0089057509084709	-0.0327224354322377	0.0243066652622561	0.9991688687320136
b03_K00147DC.tif	342107.7440916860900000	7520767.6915158639000000	510.8998204381043700	-1.0435099355559505	-1.3862694895440806	165.1778644355010800	-0.9664416831609706	0.2553509060407729	-0.0280426074598469	-0.2557443857562410	-0.9666770110598449	0.0114177687210407	-0.0241926063737278	0.0182063470405270	0.9995415182593901
b03_K00148DC.tif	342101.8982439343800000	7520753.1053807009000000	510.8290118206835500	-1.2251209113699770	-1.3277440084744578	166.9359528379357600	-0.9738564536817312	0.2255058254978030	-0.0273994578230375	-0.2259794070894168	-0.9740073054283435	0.0155909122161897	-0.0231714305548389	0.0213750237139429	0.9995029730657488
b03_K00149DC.tif	342096.2030397624500000	7520737.9658131013000000	510.8558678683987200	-1.0199510571671748	-2.0382851710048455	167.2018094653553500	-0.9745393535317179	0.2208652145923139	-0.0386213076043936	-0.2213775433953611	-0.9751420910530509	0.0094807983270684	-0.0355672840995372	0.0177893012728028	0.9992089416443432
b03_K00150DC.tif	342090.4899470966800000	7520722.5650257543000000	510.8713056421754600	-1.4859646405042821	5.6669429880553412	174.4523155889395700	-0.9904516849247474	0.0991903113681600	0.0957431039836118	-0.0962016628791762	-0.9947338171803047	0.0353535432054735	0.0987456322528274	0.0258053306234836	0.9947780581729788
b03_K00151DC.tif	342096.6056588182100000	7520709.4037106410000000	511.1397417895174700	-6.6275731345192916	4.0120872275598751	-141.2551751292519400	-0.7780296232182458	-0.6153724487563045	0.1264383434981039	0.6243192576481663	-0.7797828498068316	0.0465206586021614	0.0699669202160382	0.1151323432351041	0.9908830272119293
b03_K00152DC.tif	342109.2361070932800000	7520703.2639547372000000	510.2319949452341900	-4.9424426672309227	3.7180307666732726	-99.1413142070298360	-0.1585356395435569	-0.9827408994017772	0.0953245804475490	0.9852214992016869	-0.1637951794257717	-0.0500972724572858	0.0648463453503414	0.0859736229309024	0.9941848357598501
b03_K00153DC.tif	342123.3641552690000000	7520700.3447974883000000	510.3886208796155300	-4.6014372695597086	4.4690912267806064	-88.5417951035213380	0.0253703557495772	-0.9966131418635517	0.0782214197902342	0.9966366529538244	0.0191165803862334	-0.0796865003832841	0.0779212874517503	0.0799800088721974	0.9937461804417993
b03_K00154DC.tif	342139.5138720374700000	7520697.3941219235000000	510.8349155982338600	-4.0871250787822015	3.7265359915317373	-87.5043803273536160	0.0434509425630263	-0.9967124967883494	0.0683828511859483	0.9969391825136252	0.0388042935631391	-0.0678711512362237	0.0649944763764520	0.0711226092533216	0.9953478248801022
b03_K00155DC.tif	342156.1677169359800000	7520694.2776771616000000	510.9763165471004000	-4.5962966211440017	3.9979025519402804	-90.0622518502183740	-0.0010838556534966	-0.9967774015373633	0.0802099559988918	0.9975660143882593	-0.0066699756325031	-0.0694086331992308	0.0697199554965859	0.0799394971805774	0.9943584889747110
b03_K00156DC.tif	342172.5472144106800000	7520691.3466647686000000	510.9146586817088900	-4.4581012972311660	4.0466103462140142	-93.1798950176798260	-0.0553328594834342	-0.9951351175602008	0.0815130201859285	0.9959711019194749	-0.0607801263605134	-0.0659343641882374	0.0705679729246464	0.0775362756266064	0.9944889577864912
b03_K00157DC.tif	342189.2274991972400000	7520688.3830522504000000	510.7388694643970000	-4.8409499027165568	3.9057080999247380	-94.5425083930934140	-0.0790147592734660	-0.9928476041263468	0.0895002949577787	0.9945436428517525	-0.0846463248218019	-0.0609749305643535	0.0681146847612318	0.0841940299233567	0.9941185819836300
b03_K00158DC.tif	342205.6090192298300000	7520684.7369061708000000	510.5811960803203000	-3.5892240674142468	3.9470800221697697	-95.3575196998835540	-0.0931486878772593	-0.9932761966743967	0.0687438656666213	0.9932698805515631	-0.0974774568414414	-0.0625546944426134	0.0688350661787197	0.0624543235314454	0.9956712264278811
b03_K00159DC.tif	342222.2444713466700000	7520681.3830336491000000	510.4548921965182400	-4.6891282156130130	3.7871726556491119	-95.0045458597585220	-0.0870442845008121	-0.9923824243944541	0.0871803664177171	0.9940123854657119	-0.0923218037445911	-0.0584470879865752	0.0660505115537112	0.0815708790337022	0.9944765063173502
b03_K00160DC.tif	342238.7675668950000000	7520677.6012923270000000	510.5855302025860900	-4.2998835891056979	3.3430455762380795	-95.5821364297410980	-0.0971070749143569	-0.9920311148717083	0.0802775381285001	0.9935641334870777	-0.1013502716119410	-0.0505809755961515	0.0583140519056100	0.0748491120226622	0.9954883634577398
b03_K00161DC.tif	342255.3442529064500000	7520673.9078718927000000	510.5428480055018100	-4.6677442202758588	3.8178572957071033	-95.0519766665263150	-0.0878639940912995	-0.9923343153611838	0.0869052650820108	0.9939046092166065	-0.0931648131598521	-0.0589401846525376	0.0665848805684104	0.0811968234941509	0.9944714825142803
b03_K00162DC.tif	342271.9933671222500000	7520670.0921583045000000	510.5988201401432300	-4.9272452177593848	3.8738408895765408	-95.0123706942446380	-0.0871712060449494	-0.9919875635751223	0.0914431766123722	0.9938998225165611	-0.0928285210416301	-0.0595483709497728	0.0675597782576076	0.0856944536916834	0.9940282375105181
b03_K00163DC.tif	342288.1272668100400000	7520666.7399844546000000	510.6459086217768700	-3.7815485185238433	3.2476882818619393	-95.4346175084535990	-0.0945576961866207	-0.9929835982036149	0.0710099696555369	0.9939061000584136	-0.0982231809394697	-0.0500287016902018	0.0566525053157739	0.0658466432305676	0.9962202132142837
b03_K00164DC.tif	342304.3216133113600000	7520663.4109335253000000	510.7956399152439000	-3.9575004991016858	3.0970174085015136	-95.7366921850615570	-0.0998109736302292	-0.9922465079433154	0.0740583352316406	0.9935385603257365	-0.1034286855708730	-0.0467293927517253	0.0540268330447868	0.0689157055784660	0.9961584847983646
b03_K00165DC.tif	342320.4382695558000000	7520660.1875133626000000	510.7497894686093800	-6.0114929332241509	4.7832763137066401	-94.7858586181929330	-0.0831413195455739	-0.9903049561138014	0.1112816915789053	0.9930428654095607	-0.0916755931232370	-0.0739016446682460	0.0833869800591782	0.1043632096188328	0.9910373010309279
b03_K00166DC.tif	342336.7677915356500000	7520656.7626180742000000	510.5508458160901500	-3.5831035172060850	3.5329212074111371	-93.9469509882271300	-0.0687020065466564	-0.9954129620110537	0.0665812988521819	0.9957322724196005	-0.0725402744576359	-0.0570539239992238	0.0616220411749039	0.0623774289466243	0.9961484730698770
b03_K00167DC.tif	342352.9415121878800000	7520653.2133326009000000	510.6067212256838800	-4.4376223730960120	3.0621002897639489	-94.2689705830009500	-0.0743323930199557	-0.9939284035226698	0.0811235108880486	0.9958017780503795	-0.0783372241852757	-0.0473507987118354	0.0534182944283115	0.0772632382043509	0.9955786648188821
b03_K00168DC.tif	342368.9273308133700000	7520650.3432033174000000	510.5072307537930700	-4.7699869875045637	4.0388603466215134	-93.7882972180181160	-0.0659060115154422	-0.9939721396701193	0.0876115472168537	0.9953369196453636	-0.0716853877646044	-0.0645416266599894	0.0704330464839167	0.0829493263423086	0.9940616657040708
b03_K00169DC.tif	342385.0523783863800000	7520647.1039060708000000	510.5576303763492700	-4.1480258419522551	3.3997490455108514	-94.2403136270134210	-0.0738097671848285	-0.9943332059670331	0.0765087823680610	0.9955076046467970	-0.0780239881634910	-0.0536364275605681	0.0593020013028067	0.0722061824388001	0.9956252004941905
b03_K00170DC.tif	342401.1178072012300000	7520643.9161724988000000	510.5726735178138800	-4.5757839493084926	3.6100725977509973	-94.3185436956149200	-0.0751520377971494	-0.9936042893949907	0.0842774424790611	0.9951821228442858	-0.0800704648722454	-0.0565797050741997	0.0629659716519706	0.0796193239799112	0.9948346845898095
b03_K00171DC.tif	342417.2921539965900000	7520640.4687692681000000	510.4739518695319600	-4.7276956628061226	3.3731013248776507	-94.6288697230800150	-0.0805613529349631	-0.9929557482806914	0.0868835448725520	0.9950115530837083	-0.0852601931853158	-0.0517948712514049	0.0588377229609995	0.0822774660179505	0.9948711177546719
b03_K00172DC.tif	342433.5553312312100000	7520637.2094643395000000	510.5191143214298100	-3.8794530316417557	3.2628713537890643	-94.5801611004027620	-0.0797243305292023	-0.9942150047803511	0.0719760751310912	0.9951906741923595	-0.0835093739180692	-0.0512026021640385	0.0569170723265630	0.0675478255565494	0.9960912298280489
b03_K00173DC.tif	342449.8070106292100000	7520633.8038419168000000	510.2643401797326400	-4.6171492353959502	3.0740836846891666	-94.8488649453955330	-0.0844060430611500	-0.9928226829782664	0.0847274457221275	0.9949873111176227	-0.0885547583491848	-0.0464575665380887	0.0536271443364529	0.0803814340351937	0.9953205284996203
b03_K00174DC.tif	342466.0298609847100000	7520630.1424246691000000	509.9376747206155200	-4.2790090885754379	2.5493152113512072	-95.2157153216773930	-0.0908157633498168	-0.9927818861244843	0.0783366051747305	0.9948739076579645	-0.0939573431427258	-0.0373888423320728	0.0444792647034843	0.0745395482456899	0.9962256023405371
b03_K00175DC.tif	342482.0026152941900000	7520626.4752012594000000	509.9937773707882800	-4.7475878817698884	3.1478816860409435	-94.8924462989224930	-0.0851568822923280	-0.9925504172297592	0.0871319382045477	0.9948531745011990	-0.0895213571798366	-0.0474667019453274	0.0549132641821360	0.0826413689728731	0.9950652931095290
b03_K00176DC.tif	342497.8265690034000000	7520622.7163706440000000	510.1435155943711900	-5.6195824716593377	3.6740020919992720	-95.1141796209702480	-0.0889575930242792	-0.9906728119604703	0.1032178583659892	0.9939720139614575	-0.0949622632864529	-0.0547887215850039	0.0640794983183499	0.0977217897597513	0.9931486644513096
b03_K00177DC.tif	342514.2881192616200000	7520619.7135960385000000	510.0820758459610700	-4.1025873189522111	2.5406843692312431	-94.8650279535115570	-0.0847253933573201	-0.9935750705631714	0.0750345712044557	0.9954177852938401	-0.0877514078683506	-0.0379884605877798	0.0443287766710782	0.0714721594224734	0.9964570688124674
b03_K00178DC.tif	342530.4116724045000000	7520616.1618029885000000	509.9727496972121200	-4.2643163266130308	2.8765696538157437	-94.4151420387876070	-0.0768855241519301	-0.9939850258975761	0.0779896433334458	0.9957761444420178	-0.0804899397172049	-0.0441728396699896	0.0501845228738191	0.0742639744136803	0.9959750879255023
b03_K00179DC.tif	342546.4722772876300000	7520612.5420644926000000	510.1338883439489100	-4.5792448838690341	2.1617382572428552	-94.2751452662652840	-0.0744930915778802	-0.9938098144300605	0.0824186389699446	0.9965078741442748	-0.0773113264112291	-0.0315438675021759	0.0377204994085183	0.0797810224992436	0.9960984651997751
b03_K00180DC.tif	342562.2309170739600000	7520608.7812861465000000	509.5820812022657800	-5.2388147588306584	1.1855475908007662	-94.5097177677025680	-0.0786113471972820	-0.9925911745050473	0.0926445701944750	0.9966906091533273	-0.0801830496208673	-0.0133606953062917	0.0206902324152834	0.0912876708443592	0.9956095999107349
b03_K00181DC.tif	342577.9456288829700000	7520605.3653400745000000	508.4415472147262600	-6.2757409994565432	1.3466165421323042	-93.6712175622334800	-0.0640133148133164	-0.9918030431870498	0.1105848952231633	0.9976722965367935	-0.0662109563546535	-0.0163125099725068	0.0235007287038559	0.1092832685433085	0.9937328026018258
b03_K00182DC.tif	342593.7750984127600000	7520602.5995700359000000	508.6191631976839200	-4.6365765064425819	1.7464183616982134	-90.0756547438460870	-0.0013198106514373	-0.9967233561038769	0.0808752712321191	0.9995346265332170	-0.0037796377604913	-0.0302695341804675	0.0304760309250953	0.0807976839731429	0.9962644959063980
b03_K00183DC.tif	342609.4481645905200000	7520599.3865283346000000	509.4032261197381200	-5.1822750316935222	1.3607919271252906	-92.5338956138880770	-0.0441979382549136	-0.9948437948912713	0.0912817945723514	0.9987404926093481	-0.0461726264530984	-0.0196345865466881	0.0237480667939856	0.0902990162336039	0.9956315166721029
b03_K00184DC.tif	342625.4753680808900000	7520595.9186784960000000	509.8466695509968100	-4.6399653516291472	1.2909262627080413	-92.5614948694528290	-0.0446802852530423	-0.9956453506875788	0.0818169161232272	0.9987472733042040	-0.0463658050962651	-0.0188174436412899	0.0225290074598228	0.0808736531386062	0.9964697165749155
b03_K00185DC.tif	342641.4779352725600000	7520592.7139651068000000	510.2829018270059600	-4.2659999193945559	1.6794769139123924	-92.4092394882424340	-0.0420187131639313	-0.9962563181688948	0.0755498262910319	0.9986868662887660	-0.0440985277342202	-0.0260741817512843	0.0293082044208113	0.0743550157032598	0.9968010638002931
b03_K00186DC.tif	342657.5232456817800000	7520589.4462795015000000	510.1925720651828400	-5.1260810538751462	1.4415477550835734	-92.8984533008812010	-0.0505499760136416	-0.9946126779575276	0.0905003910001257	0.9984046375234070	-0.0526085941024797	-0.0205064769844905	0.0251571003252598	0.0893194081525166	0.9956852733823620
b03_K00187DC.tif	342673.5120736731900000	7520586.1144025316000000	509.9898869603677000	-4.2738524706223346	1.7150594295830355	-93.3449043165874170	-0.0583203002507243	-0.9953902429836590	0.0761380768840246	0.9978491868476027	-0.0604108064644889	-0.0254467044995719	0.0299289640021813	0.0744902586600577	0.9967725209286794
b03_K00188DC.tif	342689.7993792604000000	7520582.6576407626000000	509.5419641291692300	-5.4185774943504930	2.0892458837212922	-93.8190737233301920	-0.0665617879904651	-0.9930913747940446	0.0966387587316127	0.9971160806450157	-0.0697433769976370	-0.0299229524627571	0.0364561393819387	0.0943683351269902	0.9948696232304640
b03_K00189DC.tif	342706.1052548852700000	7520579.3927762508000000	509.4595384131243300	-4.7690355820283541	1.6095342490225875	-93.7492131507997900	-0.0653636264427063	-0.9942524682545199	0.0847916606044067	0.9974661206569887	-0.0674932600145137	-0.0224943991720413	0.0280879774949398	0.0831064932626068	0.9961447566984609
b03_K00190DC.tif	342722.2064135111900000	7520576.0025003990000000	508.5679549083327500	-3.6162354508002008	2.5114369158286771	-93.9479823188830490	-0.0687846453312766	-0.9954503008654680	0.0659345969389317	0.9966687436665028	-0.0714709269433333	-0.0392851371398368	0.0438188083462519	0.0630127376703277	0.9970503031073232
b03_K00191DC.tif	342737.9864112936200000	7520572.8357361564000000	509.6148427458305700	-4.5702606869723637	2.2407817504140293	-94.3530730944213900	-0.0758443478207882	-0.9937083248921332	0.0824099505139350	0.9963527985381724	-0.0787675310217905	-0.0328142789328654	0.0390990504845313	0.0796206072370787	0.9960581424567579
b03_K00192DC.tif	342754.5193434323900000	7520569.1687488100000000	509.8859363452430100	-4.9118306117267458	0.7875940308274144	-93.8432601594482780	-0.0670209212081256	-0.9940081542276475	0.0863480483239718	0.9976568811513695	-0.0679553997817886	-0.0079253474258043	0.0137456761105692	0.0856145604990294	0.9962335084802267
b03_K00193DC.tif	342770.1052820765200000	7520565.7090325411000000	510.3286777458992000	-5.4010891508783647	2.2392594163540620	-95.5351797805473950	-0.0963832540747696	-0.9905632909035269	0.0974404179400584	0.9945771000761967	-0.0996892965987283	-0.0296384235018310	0.0390725010458964	0.0940553606022833	0.9947999441113743
b03_K00194DC.tif	342786.0653632420600000	7520562.1308414321000000	509.4560869334516200	-3.6731737131962028	1.6633233966105383	-93.0320456874210040	-0.0528721969508261	-0.9964503446430346	0.0655075678862450	0.9981793422722841	-0.0546427990241693	-0.0255375248541148	0.0290263923087827	0.0640380759828257	0.9975252344547252
b03_K00195DC.tif	342802.9774642947000000	7520559.3739201408000000	508.5305025301988700	-4.3590772983112709	1.6445412358567022	-93.5117588114562040	-0.0612281555850764	-0.9951013615778858	0.0776169643150772	0.9977111287991389	-0.0632534013925515	-0.0239062896038114	0.0286987183337205	0.0759755710614338	0.9966965918311808
b03_K00196DC.tif	342819.5824756193900000	7520555.9544448731000000	510.0048510303210500	-4.3363534135726010	1.5752886143407570	-93.8010511631685800	-0.0662671521363245	-0.9948061144006604	0.0772622760394818	0.9974231481416270	-0.0681764594238478	-0.0223390673859729	0.0274905092529737	0.0755828362228373	0.9967605062248024
b03_K00197DC.tif	342835.9216201916600000	7520552.2948681116000000	510.3644525543932700	-3.9351553120897629	1.5718149586694086	-93.8023958115779520	-0.0662906705888864	-0.9953214091187511	0.0702911057157301	0.9974232538312609	-0.0680375749053655	-0.0227539253241535	0.0274299053869341	0.0686016104101129	0.9972669749568585
b03_K00198DC.tif	342852.0285698626000000	7520548.8586425688000000	510.2261780295511900	-4.2030168043181000	1.6179185756253371	-94.0861928191759630	-0.0712286704406547	-0.9946279866718693	0.0751108822762747	0.9970603308892565	-0.0731294890667417	-0.0228642602295397	0.0282342535630649	0.0732614902790071	0.9969130257789972
b03_K00199DC.tif	342868.5331398381400000	7520545.7847392727000000	509.7869555366766000	-4.1787262165960435	1.4870462946832794	-93.6978060169423230	-0.0644723753192334	-0.9951432671084818	0.0743854202740913	0.9975820074148866	-0.0662096982271014	-0.0211285196538055	0.0259509403062971	0.0728433510303680	0.9970057145813590
b03_K00200DC.tif	342884.5019520292400000	7520542.3216755688000000	509.8412427287297000	-4.2210789449071386	1.8847384289000901	-94.1092442495762210	-0.0716196067522683	-0.9945502030338053	0.0757662561703219	0.9968896369733979	-0.0738785691388413	-0.0274410043009364	0.0328889589938178	0.0735652816715452	0.9967479449233339
b03_K00201DC.tif	342900.8198533228100000	7520538.8295588642000000	509.6982920868082900	-4.5145972482241525	2.3873138842066948	-94.2323417795583820	-0.0737370863995329	-0.9939367756041551	0.0815630320115890	0.9964074218651778	-0.0768419655468614	-0.0356028367252489	0.0416544324327870	0.0786447609984960	0.9960320827293626
b03_K00202DC.tif	342917.0662903280500000	7520535.7242312357000000	509.6343803000658600	-4.4908144511539501	1.5223392065340049	-94.0890498557307500	-0.0712816478098811	-0.9942438143827476	0.0799885257218353	0.9971023702956809	-0.0731627554446965	-0.0208344514320535	0.0265667054081453	0.0782716345644072	0.9965780257392659
b03_K00203DC.tif	342933.1921033048400000	7520532.1545544341000000	509.9936607004050900	-4.7217177879046339	2.1080390754510323	-94.4900942510409010	-0.0782337584414558	-0.9933105103122026	0.0849335572281967	0.9962562030368484	-0.0810396769308617	-0.0301023034590970	0.0367839224488901	0.0822605668972258	0.9959317959494120
b03_K00204DC.tif	342949.3852057246800000	7520528.6172607690000000	509.7653012964684600	-3.8077938694176310	1.4518280440966274	-93.7016096498159070	-0.0645396182079741	-0.9956022259350401	0.0679032060713020	0.9975934548049180	-0.0660968980298811	-0.0209403677430900	0.0253364680245153	0.0663883105977266	0.9974721327455832
b03_K00205DC.tif	342965.6211124441500000	7520525.0107396068000000	509.8003961486620600	-5.4076729966949912	0.3302591880532693	-93.8891620148386470	-0.0678254421979763	-0.9932198842252947	0.0944138282781763	0.9976805524776082	-0.0680666620495993	0.0006668773500427	0.0057640782978175	0.0942400716092552	0.9955328142780925
b03_K00206DC.tif	342981.0315067058000000	7520521.9043415301000000	509.2412246658199700	-4.8407827224280569	1.2714138280504348	-93.8757249226231780	-0.0675759446557014	-0.9940276469885876	0.0856885565651637	0.9974673731795891	-0.0692196304156633	-0.0163548832869440	0.0221885363667860	0.0843663427407553	0.9961877278236513
b03_K00207DC.tif	342996.7798946760600000	7520518.9458583146000000	509.1965545474939200	-4.4018018020166485	2.1324921326808650	-93.2670948321753740	-0.0569511975435006	-0.9952670839434683	0.0787400324931734	0.9976832894228677	-0.0596738351746158	-0.0326663037688624	0.0372104166158884	0.0766972295080961	0.9963598345382327
b03_K00208DC.tif	343013.1214118431700000	7520515.5873734830000000	510.1218035847495600	-4.5916786913241756	0.8272671309193694	-93.4433355944086660	-0.0600551136145740	-0.9949215753808419	0.0807740191549485	0.9980906404308011	-0.0610223459778800	-0.0095575507212501	0.0144380335632654	0.0800458127140906	0.9966866162710157
b03_K00209DC.tif	343029.1582646849600000	7520512.0258061495000000	509.8116737660324700	-4.2673717414973913	1.3066769076981608	-93.5650003762897460	-0.0621646849804892	-0.9951924213393981	0.0756808856310648	0.9978053602476653	-0.0637020380031251	-0.0180696822129126	0.0228038374468822	0.0743914972485034	0.9969683496153838
b03_K00210DC.tif	343045.2875431504800000	7520508.7524474487000000	509.0756524013008900	-5.0362970441955026	1.5026364739812463	-93.4509102826675500	-0.0601726387761083	-0.9941944555153724	0.0891999897153123	0.9978434799900017	-0.0622588036979447	-0.0207901612197759	0.0262229476635162	0.0877566292914247	0.9957967317837733
b03_K00211DC.tif	343061.5436842951500000	7520505.7607804723000000	509.2413955663053600	-4.4032049333005521	1.3462288725244271	-92.8485317096847640	-0.0496820619562798	-0.9957268691184944	0.0778440417453545	0.9984887211950275	-0.0513506156459550	-0.0195802941525360	0.0234939644609170	0.0767536083077626	0.9967732526736701
b03_K00212DC.tif	343077.4576211078100000	7520501.9851522017000000	509.9879161137912400	-4.2550479610042249	1.1916895173145494	-93.5432519324494220	-0.0617886355577469	-0.9952419839895859	0.0753362981595527	0.9978725531908961	-0.0631717967767707	-0.0161149520718231	0.0207974061891076	0.0741803032918268	0.9970279587350286
b03_K00213DC.tif	343093.7638688912800000	7520498.5541400863000000	510.1555655306016800	-4.5022787706740282	1.5065117107540262	-93.4312869371405700	-0.0598307755650103	-0.9950035186170630	0.0799266928813705	0.9978622574037555	-0.0617268509369606	-0.0214641823158470	0.0262905599858784	0.0784716115105950	0.9965696225766465
b03_K00214DC.tif	343109.6703588110400000	7520495.3557868022000000	509.9836581233013200	-4.2860823752377684	1.2526784699988922	-93.0706585532058740	-0.0535546481509080	-0.9956840440900482	0.0757969920637963	0.9983255827357555	-0.0550491545357168	-0.0177657378179849	0.0218616220063170	0.0747186384337232	0.9969649916390563
b03_K00215DC.tif	343125.9159375819700000	7520492.0189368622000000	510.1605019926054800	-4.4432285616178939	1.5783448682641728	-93.2285160034741270	-0.0562970527870948	-0.9952920383428914	0.0788948683929412	0.9980340571519694	-0.0582796286129080	-0.0230544063797196	0.0275438307478612	0.0774418704577435	0.9966163224068425
b03_K00216DC.tif	343142.1055372068700000	7520488.6567695551000000	510.5035040849272700	-4.2311648793658758	0.6960533275914909	-93.1345988030846850	-0.0546777474355952	-0.9957333920577919	0.0743327375821256	0.9984301513027020	-0.0554277024055062	-0.0080624298887192	0.0121481235190110	0.0737752109256931	0.9972009032024773
b03_K00217DC.tif	343158.2075260252500000	7520485.2323920205000000	510.5391067675527700	-4.0882566137487490	0.7831354857335230	-92.9991738490357850	-0.0523166696051003	-0.9960382074335096	0.0719086602160768	0.9985370075713632	-0.0531615090186531	-0.0098842536029393	0.0136678671290860	0.0712863471605890	0.9973622441804392
b03_K00218DC.tif	343175.0385942954500000	7520481.5424188683000000	510.3292934877205800	-3.8251665565628561	0.8033019530507377	-93.2989712352666910	-0.0575404456290185	-0.9960649812872056	0.0674066033125321	0.9982447306118703	-0.0583516453904032	-0.0101263658766256	0.0140198046508726	0.0667056109600361	0.9976741985959142
b03_K00219DC.tif	343190.4055499419900000	7520478.6559645878000000	510.2593663743927000	-3.9476504397778824	0.9399996785201182	-93.1827012351275390	-0.0555125811003923	-0.9960258945377218	0.0696474748279004	0.9983232030358112	-0.0565160086507908	-0.0125189075602725	0.0164053533912347	0.0688357332823176	0.9974931108552052
b03_K00220DC.tif	343206.9431814649100000	7520475.0531952400000000	510.2289447331778000	-3.3698975170115486	0.9577079984090652	-93.3031993273524730	-0.0576117238808794	-0.9965557109333875	0.0596456559820074	0.9981991378425075	-0.0585010104854212	-0.0132707566724577	0.0167143794963582	0.0587736912081863	0.9981313955285731
b03_K00221DC.tif	343223.1862263060200000	7520471.4380455222000000	510.4365856010932700	-4.9786122198789160	0.5977281934408284	-93.0139892067569320	-0.0525769165963765	-0.9948015057976363	0.0872102740734882	0.9985623858249091	-0.0532854916279867	-0.0058153243787115	0.0104321357776609	0.0867791475224262	0.9961729519006215
b03_K00222DC.tif	343238.7896846078800000	7520468.2070721220000000	510.5050468775363000	-4.5447998761102513	1.1021752618270670	-93.4120604441323220	-0.0595054846237209	-0.9949978632312742	0.0802393261742291	0.9980426326831222	-0.0608508410917551	-0.0144249258358146	0.0192354008702425	0.0792239061371260	0.9966712457223482
b03_K00223DC.tif	343255.0903501462900000	7520464.9515397977000000	510.3917288144517100	-4.7093834020398360	0.6534427714931430	-93.2873611182798040	-0.0573400719887699	-0.9949303073924376	0.0826183973235493	0.9982895641878794	-0.0580849927748544	-0.0066392505540232	0.0114044806061779	0.0820963887533080	0.9965591406312869
b03_K00224DC.tif	343271.5510866458600000	7520461.8582644453000000	510.4036691604119400	-4.4820810654374172	1.0095792672732977	-93.2568574611280210	-0.0568034605889124	-0.9952534139844558	0.0790190408535144	0.9982298921596828	-0.0580132360767972	-0.0130975890440214	0.0176195704826246	0.0781351802466934	0.9967870606823832
b03_K00225DC.tif	343287.3886846425600000	7520458.3764885813000000	510.4394454285138600	-4.3363242914050977	1.0341648737848825	-93.2256296561528330	-0.0562589583247396	-0.9954808400915665	0.0765037686575235	0.9982530628920843	-0.0574695596558061	-0.0137139396068438	0.0180486020175433	0.0755985894283506	0.9969749752334089
b03_K00226DC.tif	343303.1830573083100000	7520455.0779843256000000	510.3335002379768600	-3.8142319527393935	2.2337708762705888	-93.4476763594396690	-0.0600913006313026	-0.9958231938631195	0.0687401058530914	0.9974316247931409	-0.0625919037302554	-0.0348196417261585	0.0389767809208768	0.0664711979106605	0.9970267751657265
b03_K00227DC.tif	343319.2508903880400000	7520451.8797087735000000	510.0988264110818000	-3.7770278611799402	2.8137481915531399	-92.5321030778129480	-0.0441258886529571	-0.9967108427326665	0.0679735384522812	0.9978191887841481	-0.0473137447301824	-0.0460247330655224	0.0490894331270211	0.0657944187507118	0.9966249655795925
b03_K00228DC.tif	343335.2520486391100000	7520447.8075358653000000	509.5567641991315800	-6.3734729386098845	1.6946403585212022	-93.3319941940817440	-0.0580960754972471	-0.9919485828971609	0.1125293512828213	0.9978728871744987	-0.0610395571714579	-0.0228882830798461	0.0295727417370971	0.1109602692346529	0.9933847550659940
b03_K00229DC.tif	343351.0716459380900000	7520444.8173851967000000	509.5344357042376900	-4.0511726980269387	2.5855578355132689	-91.8610189562725590	-0.0324421366059093	-0.9968717122024944	0.0720714727399888	0.9984550510434740	-0.0355793600000255	-0.0426804426847152	0.0451111828510203	0.0705754812414055	0.9964858667484080
b03_K00230DC.tif	343367.3824868274400000	7520441.8158882037000000	509.8815959064406800	-4.4693860654975923	1.8105415033638872	-92.5222834987893630	-0.0439859639846553	-0.9958848907486165	0.0792371084212223	0.9985324295966309	-0.0463337839061756	-0.0280386788701795	0.0315946517023032	0.0778875140670936	0.9964613957079616
b03_K00231DC.tif	343382.9158088772100000	7520438.6275813999000000	509.4710490828048300	-5.2359851299158846	3.2467053980546940	-92.7498827983237670	-0.0478990802906672	-0.9944326079686995	0.0938587572679230	0.9972452617245911	-0.0529383764177167	-0.0519559069799453	0.0566353782997944	0.0911115607967877	0.9942289059437030
b03_K00232DC.tif	343398.8982434650000000	7520435.1817873772000000	509.7185128351002800	-4.5231959318654580	2.7662070163783881	-92.6243047163382440	-0.0457333928249282	-0.9956657288867791	0.0809827950930282	0.9977872342517807	-0.0494461155984408	-0.0444490361696155	0.0482606666437896	0.0787707939060165	0.9957238924935533
b03_K00233DC.tif	343415.1025743527000000	7520431.8622799674000000	509.3220262622194200	-5.4226214289380614	3.7379167382280722	-93.4237364647716360	-0.0595928761987221	-0.9933799693679228	0.0982085819312586	0.9960916638134345	-0.0656024584327803	-0.0591414806118298	0.0651926866124405	0.0943003388443554	0.9934069456703493
b03_K00234DC.tif	343430.8528547599000000	7520428.6726986561000000	508.9172514668384200	-4.9939699734250809	2.5265884155587242	-93.4335688629697640	-0.0598329973670642	-0.9941857589085059	0.0895247966185379	0.9972345270081892	-0.0634944400097286	-0.0386232343364008	0.0440829963685144	0.0869662743330343	0.9952354277053268
b03_K00235DC.tif	343447.0658649707900000	7520425.5554302447000000	509.2021428123055700	-4.5331422296898243	2.3970042976600490	-93.0094488139390310	-0.0524547053299379	-0.9953234442364609	0.0811156288394406	0.9977471151922569	-0.0556373948723146	-0.0374856561547419	0.0418234146654573	0.0789665856238612	0.9959995383235029
b03_K00236DC.tif	343462.9224495746900000	7520422.4155169129000000	509.6239292856108100	-5.2907042007106675	1.7016846959918412	-93.7003602202523210	-0.0645101198483722	-0.9934870459861008	0.0939251504920771	0.9974751193496059	-0.0669961239263591	-0.0235564355820942	0.0296956346225857	0.0921683722144129	0.9953005377511395
b03_K00237DC.tif	343478.4909042621700000	7520418.9282983355000000	509.9800437877930800	-4.3204309328352686	1.7908779787087412	-93.7291800119666620	-0.0650087564606107	-0.9948938477461083	0.0772016405291260	0.9973952061920401	-0.0672050368269569	-0.0261970549914477	0.0312516279349190	0.0752975082059870	0.9966712702839323
b03_K00238DC.tif	343494.3529115699300000	7520415.5254566260000000	510.1035817362267700	-4.1577516728588559	2.1123243833220813	-93.6924671430144970	-0.0643573472892936	-0.9951256645017016	0.0747197677989703	0.9972459930749391	-0.0668984266493162	-0.0320160867037915	0.0368586644612077	0.0724535186301729	0.9966904868073355
b03_K00239DC.tif	343510.2242742334500000	7520411.9949830379000000	509.8053607813253600	-4.2710049739713511	1.7207134555923131	-93.9632845764663500	-0.0690860483761935	-0.9946835710889427	0.0763656423105988	0.9971586940385996	-0.0711562035039631	-0.0247251613976042	0.0300276010196830	0.0744405004594313	0.9967732716462417
b03_K00240DC.tif	343526.2631652313300000	7520408.7939474098000000	509.9288810210308000	-3.4468146596145943	1.2931572397070501	-93.7346307061278740	-0.0651188671932846	-0.9959829324200055	0.0614616259426149	0.9976222839455846	-0.0663715765848438	-0.0185632000699675	0.0225679354540646	0.0601066730878419	0.9979368096927042
b03_K00241DC.tif	343542.4729255408700000	7520405.3487877324000000	509.9923574850923800	-4.0678415476096168	1.7840737755406499	-93.9899188510842270	-0.0695472228593237	-0.9949095003371143	0.0729264693476151	0.9970927361403517	-0.0716088031592956	-0.0260433263282627	0.0311329299729840	0.0709032118387192	0.9969972292951727
b03_K00242DC.tif	343558.2437627081500000	7520402.0232071057000000	510.0157508525524600	-3.3804090450295416	2.2653337363128898	-94.1714038110624610	-0.0726835836006295	-0.9954460253736026	0.0616790664882870	0.9965714698851509	-0.0749384165841545	-0.0350647847677656	0.0395272322066739	0.0589189637362701	0.9974799013645961
b03_K00243DC.tif	343574.4416205125200000	7520398.6580242608000000	510.3094261260755500	-3.9954922907494472	2.0729655374840097	-93.8202502586296990	-0.0665829506583669	-0.9951849924065574	0.0719273353488449	0.9971250092100903	-0.0689794239375130	-0.0313616817314787	0.0361721811535220	0.0696323916148837	0.9969166982996067
b03_K00244DC.tif	343590.4083393787200000	7520395.4785786122000000	510.2553599908941400	-3.5121051527379437	1.8956428717349376	-93.7945435504977640	-0.0661426590391499	-0.9957996650233186	0.0633101555414052	0.9972617093378595	-0.0680765530874181	-0.0288905868453172	0.0330791738675810	0.0612258936985167	0.9975756403386444
b03_K00245DC.tif	343606.3537644358000000	7520392.2800822463000000	510.0392416429248200	-3.3346469917552022	2.5822297688673448	-93.9758727717572240	-0.0692659889808269	-0.9957225303440660	0.0611462618294706	0.9965803710128387	-0.0718333273964960	-0.0408354893084553	0.0450531561871211	0.0581086537475955	0.9972931351800338
b03_K00246DC.tif	343622.5185855559000000	7520389.0547306035000000	509.9329071984420800	-2.9455627487354064	2.3892141454181330	-94.4705446797486130	-0.0778788185206651	-0.9954733882763540	0.0544758924609840	0.9960908774705596	-0.0799792823001269	-0.0375003763006170	0.0416875694393018	0.0513424545220808	0.9978106528384491
b03_K00247DC.tif	343638.9170189256500000	7520385.3289698223000000	510.1646322146657400	-3.6802135414814212	1.8736556863733493	-94.3390912801224320	-0.0756186096186406	-0.9949187181121924	0.0664723267934499	0.9966006328932660	-0.0775956813006777	-0.0276783084784085	0.0326956326760308	0.0641533677485072	0.9974043016803362
b03_K00248DC.tif	343655.0615873485800000	7520382.1707351422000000	509.9485879287678900	-3.2245992790900013	2.4642702868389312	-94.2448394749416990	-0.0739502190508204	-0.9954988868320249	0.0592733617954544	0.9963346210765391	-0.0763133947905929	-0.0386469742645481	0.0429963713190455	0.0561981502518916	0.9974933984551783
