# Cameras (600)																
# PhotoID, X, Y, Z, Omega, Phi, Kappa, r11, r12, r13, r21, r22, r23, r31, r32, r33																
B1_K00097.tiff	4.579.192.423.395.230.000.000	75.535.957.765.438.900.000.000	4.917.246.799.879.970.000	-13.840.127.623.603.600	-27.153.989.038.157.200	688.319.359.445.868.000	0.3606993921166244	0.9326663708783552	-0.0054211769290580	-0.9314781619656720	0.3599324539555188	-0.0528872609482811	-0.0473749122189268	0.0241261107963281	0.9985857742177645
B1_K00098.tiff	4.579.060.954.999.700.000.000	75.535.995.627.189.900.000.000	4.971.719.431.598.220.000	-28.723.689.895.999.200	-50.375.653.816.682.400	686.674.319.848.766.000	0.3623756018900037	0.9319150319116485	-0.0147748587800142	-0.9278865909905706	0.3592249891714777	-0.0999193745709481	-0.0878088686566161	0.0499177368463746	0.9948858337183122
B1_K00099.tiff	4.578.925.895.485.010.000.000	75.536.051.750.170.900.000.000	5.044.157.320.357.870.000	-22.335.843.845.460.000	-58.231.732.041.702.000	688.802.578.916.404.000	0.3584589193712296	0.9335454851554810	0.0001739799657116	-0.9280158091261355	0.3563558992602723	-0.1086145988086634	-0.1014586671269359	0.0387724155582417	0.9940839193230140
B1_K00100.tiff	4.578.818.501.696.320.000.000	75.536.093.658.387.400.000.000	5.124.733.100.630.020.000	-0.9644269302820592	-0.8931333270635552	695.718.822.572.359.000	0.3489895691556414	0.9370696359657769	-0.0103333427082672	-0.9369969641908389	0.3487366662691129	-0.0204799095861587	-0.0155874859330162	0.0168295855704102	0.9997368630453796
B1_K00102.tiff	4.578.496.654.334.890.000.000	75.536.225.633.263.000.000.000	5.272.620.316.181.450.000	-40.245.419.855.489.700	-41.750.647.507.564.400	690.213.343.264.013.000	0.3570702079239700	0.9332407029386467	-0.0395304565077821	-0.9312359643896763	0.3523664833684641	-0.0929378288199804	-0.0728041567519528	0.0699975126495417	0.9948868794905852
B1_K00103.tiff	4.578.354.383.436.840.000.000	75.536.280.405.585.300.000.000	5.332.376.924.426.940.000	-41.241.731.711.417.900	-45.130.432.239.755.300	694.431.040.739.160.000	0.3500486238411548	0.9358864538648352	-0.0397807292444160	-0.9334208419528703	0.3449294612871742	-0.0987380298777236	-0.0786860391359755	0.0716952732643062	0.9943180049846466
B1_K00104.tiff	4.578.218.783.514.320.000.000	75.536.337.767.905.100.000.000	5.404.287.882.029.250.000	-32.859.231.221.365.400	-41.637.848.102.094.600	698.560.263.884.842.000	0.3434713656110204	0.9387199568636064	-0.0288489790337471	-0.9363522454495457	0.3399069351566936	-0.0877937803832242	-0.0726078056884723	0.0571674559375562	0.9957208386564642
B1_K00105.tiff	4.578.075.447.428.420.000.000	75.536.399.760.171.900.000.000	5.479.308.053.864.180.000	-18.170.517.754.366.100	-37.527.592.068.523.000	701.163.086.281.076.000	0.3393826162210135	0.9406179666071481	-0.0075684016023433	-0.9383685749282564	0.3379892552875102	-0.0723027032503434	-0.0654511832902453	0.0316402308150291	0.9973540185911310
B1_K00106.tiff	4.577.933.596.426.630.000.000	75.536.452.396.348.900.000.000	5.550.800.827.280.280.000	-27.536.252.078.832.200	-34.197.766.016.052.100	703.066.183.069.533.000	0.3363864331479884	0.9413880673381355	-0.0251530170624531	-0.9398329288911320	0.3338993109161501	-0.0722863468549666	-0.0596509292961158	0.0479557800800947	0.9970667027792168
B1_K00107.tiff	4.577.791.290.098.850.000.000	75.536.518.587.900.800.000.000	5.618.946.985.617.160.000	-36.295.779.537.106.600	-45.522.212.426.166.900	697.547.236.671.979.000	0.3449480945019071	0.9380766204604191	-0.0319854067515628	-0.9352601683592779	0.3406315960016473	-0.0962212725230042	-0.0793676859942339	0.0631060215108658	0.9948459179536251
B1_K00108.tiff	4.577.651.529.621.880.000.000	75.536.576.166.656.000.000.000	5.685.163.519.245.460.000	-43.604.296.576.752.900	-45.315.705.160.855.100	699.970.978.684.442.000	0.3409984193424808	0.9390102195700080	-0.0444959048566860	-0.9367378243556868	0.3354329567052085	-0.1000348937989956	-0.0790083946635054	0.0757927377727404	0.9939884981596155
B1_K00109.tiff	4.577.503.959.404.640.000.000	75.536.637.622.531.700.000.000	5.757.712.301.082.460.000	-30.161.367.109.153.500	-49.944.695.452.528.500	704.491.175.713.023.000	0.3333732480657971	0.9425722463193857	-0.0204899473520182	-0.9387666941968128	0.3298635688093524	-0.0995345158181100	-0.0870595850027358	0.0524174249728607	0.9948231210714627
B1_K00110.tiff	4.577.364.276.130.380.000.000	75.536.693.688.644.300.000.000	5.826.225.086.277.260.000	-31.855.263.469.493.300	-0.1178689255207065	923.784.186.720.588.000	-0.0414992281233018	0.9975899529119232	-0.0556066535079836	-0.9991364181110906	-0.0415494112037978	0.0002538360840991	-0.0020571993850865	0.0555691666106714	0.9984527207899657
B1_K00111.tiff	4.577.350.739.415.660.000.000	75.536.702.816.972.900.000.000	5.834.692.110.777.720.000	-18.985.278.510.267.100	0.3404784113564672	-1.131.225.640.800.330.000	-0.3926923942988437	-0.9190847710496183	0.0328004128710680	0.9196506787547140	-0.3926648172438592	0.0075478715437445	0.0059424343358466	0.0331289137086860	0.9994334207693111
B1_K00112.tiff	4.577.479.795.579.340.000.000	75.536.649.570.094.700.000.000	5.848.136.597.530.400.000	-0.5852649199869769	-0.3393921841606370	-1.130.827.379.337.770.000	-0.3920530968040679	-0.9199153870505392	0.0070745992110609	0.9199235194913438	-0.3919838591341559	0.0094537011246056	-0.0059234764285225	0.0102144430073916	0.9999302863605291
B1_K00113.tiff	4.577.658.968.873.530.000.000	75.536.563.954.599.900.000.000	5.855.877.742.295.890.000	-15.832.908.532.283.400	-11.551.221.792.684.500	-1.132.173.341.958.180.000	-0.3941398523757088	-0.9188848304777267	0.0174483548558104	0.9188293522754606	-0.3935575624370138	0.0294120119286975	-0.0201593195895210	0.0276245066300864	0.9994150731638640
B1_K00114.tiff	4.577.831.430.480.260.000.000	75.536.472.228.662.500.000.000	5.860.612.525.138.030.000	-0.8951042908474409	-16.913.360.821.240.900	-1.131.432.077.729.900.000	-0.3928594289914240	-0.9195943776661402	0.0027657941638335	0.9191247620081379	-0.3925587216934607	0.0332764464130480	-0.0295150964087258	0.0156150756392908	0.9994423587665088
B1_K00115.tiff	4.578.003.862.648.520.000.000	75.536.392.551.681.800.000.000	5.860.742.750.412.170.000	-14.319.484.380.682.000	-0.8587419263142292	-1.135.177.811.846.130.000	-0.3989888324446403	-0.9167993820394729	0.0169353085742042	0.9168332956629828	-0.3985656189252403	0.0237098159945140	-0.0149873129084725	0.0249868065742858	0.9995754298445929
B1_K00116.tiff	4.578.179.559.788.550.000.000	75.536.302.770.083.900.000.000	5.861.388.893.267.260.000	-0.4415833173349368	-16.689.686.917.508.200	-1.132.926.990.315.880.000	-0.3952607170788311	-0.9185582579276053	-0.0044376037826211	0.9181071325941821	-0.3952105505024769	0.0297978833345361	-0.0291248796395429	0.0077037370497892	0.9995460938953489
B1_K00117.tiff	4.578.349.148.038.020.000.000	75.536.219.142.697.300.000.000	5.864.419.451.274.860.000	-15.441.818.089.979.400	-14.300.156.111.666.400	-1.136.556.426.589.960.000	-0.4011138026008901	-0.9159106921720122	0.0146738314028759	0.9156882225602110	-0.4004770562903907	0.0336631319027924	-0.0249558896370390	0.0269394014404324	0.9993255086419317
B1_K00118.tiff	4.578.513.856.350.020.000.000	75.536.139.325.061.300.000.000	5.857.962.524.872.490.000	-10.769.820.160.024.400	-17.165.180.833.748.300	-1.134.848.192.357.200.000	-0.3983272526594542	-0.9172280349346649	0.0053039342628796	0.9167541290097656	-0.3979192980349332	0.0349585353659420	-0.0299544108991882	0.0187873409848054	0.9993746890363010
B1_K00119.tiff	4.578.681.415.820.480.000.000	75.536.060.386.215.500.000.000	5.860.214.827.267.640.000	-17.082.898.387.556.300	-14.802.277.519.544.200	-1.135.764.942.383.970.000	-0.3998395869200854	-0.9164275618593332	0.0169949579621142	0.9162210507522085	-0.3990895002394022	0.0355887195215458	-0.0258319741811360	0.0298009171540480	0.9992220045849084
B1_K00120.tiff	4.578.855.528.026.310.000.000	75.535.974.253.277.100.000.000	5.858.615.308.092.860.000	-10.557.951.364.978.500	-11.578.813.288.903.300	-1.137.345.542.043.190.000	-0.4024177384281537	-0.9154144719932921	0.0087354601259761	0.9152330971480474	-0.4020907403463470	0.0259116655682267	-0.0202074660252851	0.0184222960829830	0.9996260687496441
B1_K00121.tiff	4.579.012.971.417.520.000.000	75.535.898.322.262.400.000.000	5.860.166.008.683.790.000	-13.026.371.748.661.200	-18.832.516.019.695.800	-1.136.488.900.308.780.000	-0.4009141469128535	-0.9160837280878471	0.0076452559022353	0.9155260064709793	-0.4003427982496386	0.0392144790217790	-0.0328630229960584	0.0227210700082712	0.9992015686022713
B1_K00122.tiff	4.579.179.101.082.780.000.000	75.535.813.872.367.100.000.000	5.862.758.354.745.500.000	-16.764.749.011.779.200	-12.855.799.241.699.800	-1.135.912.568.781.920.000	-0.4001084567351260	-0.9162942290092666	0.0178356029713158	0.9161931353838722	-0.3994363691681086	0.0322602799316513	-0.0224357198348092	0.0292484678250481	0.9993203518418811
B1_K00123.tiff	4.579.354.722.588.130.000.000	75.535.743.192.768.300.000.000	5.864.738.957.856.120.000	-24.761.126.257.170.600	-10.730.500.950.848.000	-1.134.798.120.594.760.000	-0.3983560502732069	-0.9166664968781271	0.0321712715308761	0.9170396668623990	-0.3973118427232631	0.0343736677232071	-0.0187271624020022	0.0431952906348351	0.9988911153150482
B1_K00124.tiff	4.579.519.182.251.900.000.000	75.535.671.233.716.500.000.000	5.865.971.306.604.710.000	-19.126.784.423.428.900	-0.5945264401775867	-1.134.023.044.689.850.000	-0.3971634205602325	-0.9173648914357715	0.0265117583334495	0.9176892451400666	-0.3966456807563596	0.0227739608232472	-0.0103762576659613	0.0333745396726250	0.9993890500593299
B1_K00125.tiff	4.579.692.726.075.300.000.000	75.535.588.731.152.200.000.000	5.867.969.190.800.200.000	-17.252.854.665.391.000	-0.5172163054292945	-1.135.581.381.792.090.000	-0.3996631221383437	-0.9163480685708382	0.0239917908695062	0.9166176421963793	-0.3992490925084580	0.0203041903439431	-0.0090270048732637	0.0301061348842271	0.9995059448674384
B1_K00126.tiff	4.579.868.121.579.970.000.000	75.535.500.355.192.400.000.000	5.866.297.102.518.730.000	-12.812.868.606.216.000	-11.618.390.467.910.700	-1.135.201.719.026.050.000	-0.3989898648277122	-0.9168713093027313	0.0124132969939507	0.9167311220932289	-0.3985563973903132	0.0275108684876380	-0.0202765270806710	0.0223562133813165	0.9995444273131613
B1_K00127.tiff	4.580.032.089.691.950.000.000	75.535.417.166.090.800.000.000	5.863.224.205.769.010.000	-12.559.332.082.331.300	-11.812.520.400.160.300	-1.137.765.913.077.500.000	-0.4030857669526513	-0.9150867911198863	0.0117485828125049	0.9149299835716725	-0.4026610882677635	0.0276978908323307	-0.0206152769016592	0.0219137562487565	0.9995472963523726
B1_K00128.tiff	4.580.159.752.411.480.000.000	75.535.370.994.195.200.000.000	5.865.857.115.501.860.000	-94.358.687.860.154.800	-21.753.125.902.772.600	-214.476.900.948.582.000	0.9300810552960399	-0.3549123282651556	0.0947969926991967	0.3653881196947301	0.9204338513338436	-0.1388994143425316	-0.0379572465460134	0.1638254087867785	0.9857588360600629
B1_K00129.tiff	4.580.230.151.992.150.000.000	75.535.504.752.532.000.000.000	5.866.561.320.490.810.000	-53.457.200.532.536.700	-0.0385357276915516	-225.882.749.735.944.000	0.9232886312692861	-0.3823779303719537	0.0364035950607921	0.3841063017074639	0.9192972230026029	-0.0857610912262536	-0.0006725752771621	0.0931650908021053	0.9956504474454537
B1_K00130.tiff	4.580.293.461.596.430.000.000	75.535.669.037.053.200.000.000	5.864.173.466.021.500.000	0.3920978824404751	-88.978.232.616.158.200	546.061.463.537.750.000	0.5722235605631855	0.8145577795999028	0.0951620745342754	-0.8053797275077760	0.5800430265880380	-0.1221211768125806	-0.1546728523558400	-0.0067609910416283	0.9879426085275618
B1_K00131.tiff	4.580.205.403.607.250.000.000	75.535.750.616.179.600.000.000	5.860.474.843.112.350.000	-21.493.946.281.587.600	-66.147.621.792.094.700	673.366.600.690.225.000	0.3827506870153318	0.9238002717208275	0.0097452325686664	-0.9166419497875233	0.3810578462329057	-0.1206749920823160	-0.1151930878092070	0.0372555471422011	0.9926442347226501
B1_K00132.tiff	4.580.046.105.813.850.000.000	75.535.828.383.141.400.000.000	5.860.592.836.024.910.000	-32.414.439.420.367.600	-35.589.995.949.248.900	672.187.806.779.406.000	0.3864666153335381	0.9218741837761075	-0.0281344010025996	-0.9202119784551722	0.3833576920250918	-0.0790366666352561	-0.0620763235078959	0.0564346458510261	0.9964746162383728
B1_K00133.tiff	4.579.880.984.137.720.000.000	75.535.909.214.955.700.000.000	5.859.370.691.992.100.000	-26.889.444.865.779.600	-39.792.395.354.936.700	671.062.697.733.500.000	0.3880853105946789	0.9214801542172054	-0.0162516794352915	-0.9190071402457136	0.3855956795439874	-0.0821087577205122	-0.0693950133512985	0.0468006121845259	0.9964908603801274
B1_K00134.tiff	4.579.712.260.907.860.000.000	75.535.980.566.278.800.000.000	5.857.723.433.865.700.000	-21.888.620.628.787.900	-43.708.799.578.133.400	671.626.871.038.154.000	0.3869870615894648	0.9220678837546202	-0.0056419775458461	-0.9189301949658023	0.3851500262739778	-0.0850103172636557	-0.0762122755365879	0.0380824764088476	0.9963640971292096
B1_K00135.tiff	4.579.532.870.239.420.000.000	75.536.052.559.522.900.000.000	5.862.224.750.439.250.000	-17.625.362.752.336.100	-45.770.916.063.339.200	671.414.520.771.096.000	0.3872185502646918	0.9219841705802991	0.0026426369913961	-0.9185280038487909	0.3860119266439853	-0.0854464664813859	-0.0798003789243273	0.0306591207955590	0.9963392584032693
B1_K00136.tiff	4.579.373.170.708.590.000.000	75.536.147.191.135.200.000.000	5.860.271.247.821.550.000	-21.745.771.809.459.700	-34.382.952.213.727.600	669.513.732.702.831.000	0.3908074816169088	0.9204011978673503	-0.0114519551429623	-0.9185165672054140	0.3891362673365401	-0.0700020086323790	-0.0599735615203243	0.0378761192274495	0.9974811133604667
B1_K00137.tiff	4.579.210.465.846.650.000.000	75.536.227.427.864.400.000.000	5.859.502.197.335.570.000	-30.886.417.751.518.200	-35.507.821.248.670.100	665.164.910.991.110.000	0.3977201279422884	0.9171722414039840	-0.0247745721973658	-0.9154141037510832	0.3948456252677414	-0.0781917569858049	-0.0619331775639767	0.0537774283962951	0.9966304579491387
B1_K00138.tiff	4.579.071.296.814.870.000.000	75.536.306.132.010.500.000.000	5.857.509.363.866.380.000	-20.525.777.193.480.700	-28.012.937.141.251.700	665.166.027.508.148.000	0.3980071392656242	0.9172846256352898	-0.0133877805001699	-0.9160795888988507	0.3966221784137094	-0.0590680488358696	-0.0488723223973158	0.0357737775960305	0.9981641813549526
B1_K00139.tiff	4.578.900.461.411.430.000.000	75.536.391.195.405.300.000.000	5.858.624.303.227.600.000	-18.501.864.670.462.600	-13.523.908.688.112.000	665.673.603.141.793.000	0.3975598707721232	0.9173529189405263	-0.0202428076844409	-0.9172726526013036	0.3967641640411301	-0.0344830236857389	-0.0236014817632452	0.0322772403411397	0.9992002551113262
B1_K00140.tiff	4.578.729.619.196.970.000.000	75.536.474.270.231.000.000.000	5.857.614.645.795.460.000	-19.276.903.003.940.400	-24.859.998.898.493.100	659.018.910.488.452.000	0.4079160602110757	0.9129267881470877	-0.0130064332281083	-0.9119885271872248	0.4067373601553554	-0.0533070927056551	-0.0433752706129951	0.0336065371214590	0.9984934584472516
B1_K00141.tiff	4.578.571.681.088.920.000.000	75.536.555.572.828.000.000.000	5.846.725.147.690.630.000	-15.839.706.916.183.500	-41.330.274.428.085.900	662.148.271.062.526.000	0.4022596651784220	0.9155178907254168	0.0037621180507414	-0.9126843548984235	0.4013313861648490	-0.0770739048099252	-0.0720723948137740	0.0275700968566417	0.9970182845189564
B1_K00142.tiff	4.578.407.462.875.930.000.000	75.536.636.012.465.300.000.000	5.849.921.163.866.500.000	-16.336.944.594.148.500	-40.224.686.679.414.200	663.261.526.401.768.000	0.4005406598268655	0.9162767045526518	0.0020446318964630	-0.9135898887753805	0.3995349916096841	-0.0756657492319844	-0.0701476653413881	0.0284392540967974	0.9971311417629931
B1_K00143.tiff	4.578.238.273.413.540.000.000	75.536.706.893.615.800.000.000	5.850.619.489.695.060.000	-42.667.494.313.343.200	-25.715.531.161.344.700	659.116.495.870.874.000	0.4077338366532883	0.9117494423238204	-0.0496595697745438	-0.9119978457159734	0.4039662547878944	-0.0712123191734809	-0.0448670018768064	0.0743250927671482	0.9962242381751918
B1_K00144.tiff	4.578.078.868.828.200.000.000	75.536.794.256.107.200.000.000	5.854.927.338.790.640.000	-10.649.151.116.306.100	-35.274.711.041.257.400	661.872.539.745.774.000	0.4029838912288728	0.9151735405660092	0.0078341596812643	-0.9131365721766511	0.4026329449832377	-0.0637833220175989	-0.0615270994238442	0.0185499935849224	0.9979330206855005
B1_K00145.tiff	4.577.908.584.841.200.000.000	75.536.871.769.818.400.000.000	5.855.290.963.581.900.000	-26.763.149.579.858.000	-42.599.508.246.543.800	662.456.142.809.815.000	0.4017038892890006	0.9156794765318492	-0.0128484080122445	-0.9127520016037929	0.3992027572781041	-0.0867233656509538	-0.0742816861572232	0.0465645234048190	0.9961495752454657
B1_K00146.tiff	4.577.740.778.796.630.000.000	75.536.950.562.636.400.000.000	5.853.097.920.371.500.000	-14.472.464.722.278.100	-40.681.725.778.581.400	664.518.020.027.027.000	0.3985137179433733	0.9171477382815118	0.0051810014531619	-0.9144144881009115	0.3977503542918559	-0.0751052568855958	-0.0709433616492577	0.0251928923669280	0.9971621521157384
B1_K00147.tiff	4.577.633.626.220.510.000.000	75.537.020.813.011.200.000.000	5.847.136.635.259.620.000	-33.109.280.675.798.800	13.958.665.453.195.700	-430.146.249.100.729.000	0.7309626180726538	-0.6820750254811875	0.0216173679065987	0.6819825793904766	0.7289993577501323	-0.0588191959126176	0.0243600572307230	0.0577373017617906	0.9980345643298052
B1_K00148.tiff	4.577.709.210.981.560.000.000	75.537.116.749.993.800.000.000	5.851.624.666.082.730.000	-32.100.254.020.402.700	0.3551667122724654	-430.004.864.148.205.000	0.7313338605898804	-0.6811883482784429	0.0336633112510992	0.6819914657617192	0.7299636836106612	-0.0451736785942478	0.0061987888238924	0.0559951317459080	0.9984117989276142
B1_K00149.tiff	4.577.835.601.813.890.000.000	75.537.247.984.217.400.000.000	5.856.716.879.394.510.000	-44.436.921.191.300.300	-0.5684916295455817	-434.491.672.877.653.000	0.7259490571395302	-0.6850853726004819	0.0604648549744888	0.6876769027520047	0.7243311236563776	-0.0494459373872075	-0.0099218879068962	0.0774755158198294	0.9969448834257660
B1_K00150.tiff	4.577.973.601.168.680.000.000	75.537.268.550.757.900.000.000	5.857.057.046.051.630.000	17.756.748.843.654.000	-0.9837602956770646	-1.150.928.196.630.970.000	-0.4240234234904973	-0.9049614621052846	-0.0353396156694488	0.9054884656017336	-0.4243640858764881	0.0024002667416803	-0.0171690125987858	-0.0309818450463860	0.9993724782501791
B1_K00151.tiff	4.578.128.220.485.390.000.000	75.537.210.109.153.900.000.000	5.868.073.130.794.580.000	0.8803108761429208	0.4407428775428892	-1.150.585.837.818.560.000	-0.4235321909470663	-0.9058183309936253	-0.0106599468807705	0.9058483930326972	-0.4233876726469361	-0.0134746981669975	0.0076923385038833	-0.0153632641887786	0.9998523881262709
B1_K00152.tiff	4.578.299.066.343.390.000.000	75.537.117.691.440.100.000.000	5.868.895.199.770.480.000	-0.6167111022573870	0.6940441902161145	-1.146.904.435.994.210.000	-0.4176848912798547	-0.9084707686993575	0.0148389357884836	0.9085112026679041	-0.4178097987853844	-0.0065089681083302	0.0121130600367901	0.0107626417628354	0.9998687110410194
B1_K00153.tiff	4.578.473.613.327.480.000.000	75.537.039.566.650.000.000.000	5.861.475.986.081.020.000	0.9043196564028215	14.994.253.234.921.400	-1.145.685.951.939.310.000	-0.4156399926559480	-0.9095225769747430	-0.0034754105061259	0.9091527312345719	-0.4153549793901471	-0.0303570812913432	0.0261669217463901	-0.0157772959987957	0.9995330755594256
B1_K00154.tiff	4.578.657.517.466.660.000.000	75.536.966.072.709.000.000.000	5.866.454.643.921.500.000	-0.0144484938431246	0.3947482782886433	-1.143.604.242.686.640.000	-0.4124655081813521	-0.9109680402554945	0.0030715132692670	0.9109471652822612	-0.4124768672840503	-0.0061721973193278	0.0068896026671872	0.0002521678018537	0.9999762346108471
B1_K00155.tiff	4.578.830.971.886.250.000.000	75.536.882.869.909.000.000.000	5.869.063.606.447.770.000	-0.0693832881544596	0.5817283568191459	-1.144.082.299.273.660.000	-0.4132139365722517	-0.9106185650260007	0.0052982688164202	0.9105773779470905	-0.4132461285253838	-0.0087450574488631	0.0101529007414261	0.0012109041125197	0.9999477247925339
B1_K00156.tiff	4.578.996.256.748.260.000.000	75.536.806.509.686.100.000.000	5.869.033.304.127.660.000	-0.2900362494416867	0.5797675599665383	-1.145.842.154.650.000.000	-0.4160089903605955	-0.9093177960410412	0.0088128169288884	0.9093042022620465	-0.4160715370169968	-0.0070953388148506	0.0101186801383365	0.0050618067305723	0.9999359931640026
B1_K00157.tiff	4.579.163.926.263.710.000.000	75.536.720.016.997.500.000.000	5.870.232.337.030.470.000	-0.6336901546726820	0.2085168048889520	-1.145.227.551.992.680.000	-0.4150518553257009	-0.9097241525349504	0.0115725401386279	0.9097904774780862	-0.4150658378530050	0.0012795849246315	0.0036392967575702	0.0110596809153719	0.9999322171913256
B1_K00158.tiff	4.579.331.660.399.640.000.000	75.536.638.650.990.100.000.000	5.869.848.467.693.920.000	-0.0108642660638204	0.3032269674006129	-1.145.216.615.757.820.000	-0.4150314259851897	-0.9098039916588095	0.0023690095815501	0.9097916833935353	-0.4150381437988768	-0.0047362453420527	0.0052922842570434	0.0001896145570462	0.9999859777885201
B1_K00159.tiff	4.579.507.916.351.660.000.000	75.536.545.977.980.900.000.000	5.863.888.207.918.560.000	11.102.485.653.449.600	-0.7183019990140338	-1.143.099.039.211.470.000	-0.4116395432563393	-0.9110610400653914	-0.0228181441550326	0.9112605143094551	-0.4118159783690134	0.0034460151537675	-0.0125364065098424	-0.0193747576743508	0.9997336931787784
B1_K00160.tiff	4.579.685.456.436.500.000.000	75.536.445.882.708.500.000.000	5.869.182.836.125.550.000	-0.1145574413842139	0.5656309733179366	-1.141.826.677.968.500.000	-0.4096271333989068	-0.9122341687697666	0.0058679564012818	0.9121996250493334	-0.4096642821937935	-0.0081865715962082	0.0098719624822168	0.0019993057737360	0.9999492722799356
B1_K00161.tiff	4.579.855.702.705.220.000.000	75.536.364.920.989.200.000.000	5.872.836.103.650.050.000	-10.039.568.379.233.000	0.6826397497501253	-1.135.566.728.458.230.000	-0.3996275978793543	-0.9164410638690059	0.0208220908609631	0.9166001521478429	-0.3997859660129194	-0.0039169454513057	0.0119140293657708	0.0175202121494653	0.9997755238404815
B1_K00162.tiff	4.580.024.521.226.540.000.000	75.536.279.213.166.500.000.000	5.872.454.410.849.640.000	11.968.565.191.303.900	0.7123312710409224	-1.138.931.813.651.510.000	-0.4050014786257406	-0.9142078695928269	-0.0140631961342075	0.9142315038165531	-0.4047069904500901	-0.0198244624178063	0.0124322057692215	-0.0208859535424155	0.9997045649612368
B1_K00163.tiff	4.580.188.599.413.260.000.000	75.536.195.685.843.400.000.000	5.869.786.154.274.660.000	20.251.651.083.417.900	18.869.694.317.338.200	-1.140.214.608.378.240.000	-0.4068580477729843	-0.9132962270744307	-0.0188820172112569	0.9128977401265173	-0.4057616915108742	-0.0444428371521465	0.0329278762487618	-0.0353192768024014	0.9988334714315001
B1_K00164.tiff	4.580.352.547.251.740.000.000	75.536.105.739.701.400.000.000	5.862.335.748.070.640.000	0.9520340337802500	29.442.606.258.108.100	-1.138.671.040.717.600.000	-0.4040825047602754	-0.9147054889148117	0.0055855076562168	0.9132792698582984	-0.4037802949497430	-0.0536884406310317	0.0513644292653531	-0.0165934312128028	0.9985421140076318
B1_K00165.tiff	4.580.476.265.710.870.000.000	75.536.044.219.085.200.000.000	5.857.576.967.614.980.000	-50.582.861.058.782.300	-27.361.587.723.762.300	139.969.409.907.575.000	0.9692024384093566	0.2450120787666551	0.0248135978809937	-0.2415943468117228	0.9655117835144519	-0.0970523955570369	-0.0477368303302016	0.0880685934552423	0.9949699080257859
B1_K00166.tiff	4.580.465.700.066.690.000.000	75.536.134.228.183.000.000.000	5.864.072.122.611.210.000	-28.579.052.006.043.000	-29.001.583.567.417.600	134.484.121.707.563.000	0.9713340519504933	0.2347340003693474	0.0375514126503908	-0.2322718980508274	0.9707833824286078	-0.0602444169723452	-0.0505957003835564	0.0497953157543471	0.9974770682234363
B1_K00167.tiff	4.580.416.232.343.520.000.000	75.536.321.960.966.400.000.000	5.854.978.257.142.280.000	-22.589.841.437.004.100	-0.4662530900149798	125.481.886.483.048.000	0.9760813055664234	0.2174049039090389	-0.0006266418818426	-0.2172534579988142	0.9752853686907012	-0.0402415780679761	-0.0081375617542462	0.0394151921744006	0.9991897831315885
B1_K00168.tiff	4.580.398.171.368.280.000.000	75.536.402.497.685.100.000.000	5.854.312.202.107.630.000	27.429.527.284.297.000	-19.339.283.666.627.400	1.563.865.601.142.850.000	-0.9157468945296452	0.4015847875805183	-0.0117168060161901	-0.4003358147404843	-0.9145721073204872	-0.0573506403402477	-0.0337470086879372	-0.0478280137082206	0.9982853402256002
B1_K00169.tiff	4.580.356.366.383.250.000.000	75.536.302.639.154.900.000.000	5.861.844.767.791.280.000	33.362.126.577.803.100	-33.767.333.163.152.400	1.561.895.149.083.210.000	-0.9132974055766725	0.4061645225314153	-0.0303023036046169	-0.4030118122154477	-0.9119514638011405	-0.0769805617398207	-0.0589010032320313	-0.0580939610268139	0.9965720061844378
B1_K00170.tiff	4.580.276.470.656.040.000.000	75.536.127.908.462.200.000.000	5.856.265.474.218.450.000	24.363.964.605.792.500	-35.442.588.533.347.200	1.563.805.747.901.610.000	-0.9144745170584696	0.4027053181591536	-0.0395573555361570	-0.3998933629534527	-0.9143457798459163	-0.0636953149277207	-0.0618195431595647	-0.0424290184225150	0.9971850994069479
B1_K00171.tiff	4.580.199.179.518.030.000.000	75.535.957.133.862.100.000.000	5.855.364.936.184.600.000	24.835.168.238.508.500	-36.480.507.565.130.400	1.562.873.830.612.860.000	-0.9137188486710723	0.4042960084464448	-0.0407750308090928	-0.4013345344712499	-0.9136053191814579	-0.0652373528286653	-0.0636274863872169	-0.0432441709091385	0.9970363507206874
B1_K00172.tiff	4.580.119.352.883.610.000.000	75.535.784.360.616.400.000.000	5.851.479.054.389.960.000	21.838.346.198.846.800	-29.034.954.945.942.000	1.567.956.540.475.030.000	-0.9179255712634592	0.3954995248401244	-0.0315082762443116	-0.3935058209235605	-0.9176773908868324	-0.0549670369804581	-0.0506538697428620	-0.0380569587115423	0.9979909084624473
B1_K00173.tiff	4.580.034.807.911.350.000.000	75.535.610.697.656.700.000.000	5.848.525.600.336.630.000	22.916.669.700.822.900	-27.378.290.639.258.700	1.575.873.483.840.050.000	-0.9234066442087743	0.3827352974994592	-0.0288766597633987	-0.3808393145825969	-0.9229942699150504	-0.0551633408364793	-0.0477659491620174	-0.0399408281334304	0.9980596897724441
B1_K00174.tiff	4.579.951.789.763.890.000.000	75.535.437.753.415.600.000.000	5.851.953.503.673.190.000	0.4141553086262479	-23.912.441.277.360.300	1.575.462.789.532.230.000	-0.9233835654749436	0.3822058163932491	-0.0357981134412213	-0.3816044875407627	-0.9240490010776264	-0.0226154525975722	-0.0417229684889819	-0.0072220165197124	0.9991031159884630
B1_K00175.tiff	4.579.870.770.431.160.000.000	75.535.266.330.866.800.000.000	5.852.473.665.554.870.000	21.702.988.365.630.000	-22.880.664.611.238.500	1.578.399.172.309.610.000	-0.9253952202849364	0.3783253068801495	-0.0226638136207280	-0.3768949270768354	-0.9248989815357280	-0.0501207332141118	-0.0399236799098138	-0.0378396105716479	0.9984859857074834
B1_K00176.tiff	4.579.789.251.840.940.000.000	75.535.139.562.135.400.000.000	5.853.965.954.113.250.000	-47.344.436.086.504.300	-47.666.049.590.472.100	659.891.384.899.601.000	0.4055025026666317	0.9131423802100882	-0.0416978871809248	-0.9103090714794528	0.3992562766656795	-0.1092328701686217	-0.0830970198822729	0.0822521671891581	0.9931412116508769
B1_K00177.tiff	4.579.640.954.814.530.000.000	75.535.186.388.714.900.000.000	5.833.326.353.452.420.000	-32.617.670.865.163.300	-27.701.943.504.070.300	672.602.136.356.339.000	0.3860948496654952	0.9218387787933979	-0.0338235565024568	-0.9211921411955182	0.3833842258805820	-0.0664949196973993	-0.0483301775435931	0.0568313404614327	0.9972133135292375
B1_K00178.tiff	4.579.466.962.124.930.000.000	75.535.287.165.192.900.000.000	5.844.291.520.078.620.000	-42.483.002.824.388.700	54.887.348.991.663.000	33.333.554.530.139.200	0.9937309166391717	0.0509117909741159	-0.0995331846937463	-0.0578786198865344	0.9959771642255262	-0.0684072635127994	0.0956500427365383	0.0737392560383374	0.9926800045550481
B1_K00179.tiff	4.579.480.170.955.780.000.000	75.535.419.420.059.500.000.000	5.859.402.529.369.560.000	-46.714.523.060.904.500	26.081.288.124.667.400	-237.368.737.770.284.000	0.9144554778243964	-0.4045922717401408	-0.0087334257371740	0.4021200068185836	0.9108710343710627	-0.0928087218962352	0.0455047161641191	0.0813575589109117	0.9956456540430839
B1_K00180.tiff	4.579.568.822.354.080.000.000	75.535.591.437.771.700.000.000	5.854.391.138.223.750.000	-46.678.450.711.801.100	17.910.114.413.425.600	-249.410.808.486.546.000	0.9062989347706556	-0.4225936364086319	0.0060711860870926	0.4214800482323675	0.9026619065725541	-0.0869255507019840	0.0312539561594426	0.0813394178103765	0.9961963106409564
B1_K00181.tiff	4.579.637.263.382.300.000.000	75.535.742.910.593.800.000.000	5.860.817.592.829.080.000	-62.242.710.653.040.400	-0.3586036651017214	-255.650.956.108.549.000	0.9020779154468366	-0.4283802797535359	0.0524000990588068	0.4315278232206695	0.8970706751835067	-0.0951206681654314	-0.0062587738033156	0.1084183547379771	0.9940856543107284
B1_K00182.tiff	4.579.742.563.760.050.000.000	75.535.919.938.317.200.000.000	5.865.699.014.935.150.000	-47.544.981.150.722.100	0.9632729176863548	-261.271.291.036.441.000	0.8976922847403701	-0.4401000966521323	0.0214584911957552	0.4403020958999631	0.8941161467763413	-0.0817947456743264	0.0168114920133251	0.0828747307724858	0.9964181615846199
B1_K00183.tiff	4.579.817.380.372.950.000.000	75.536.075.783.894.300.000.000	5.861.641.622.497.280.000	-60.421.931.044.830.700	10.188.334.587.637.100	-264.239.938.566.112.000	0.8953839024219105	-0.4442141606863281	0.0310072044765738	0.4449398848643629	0.8897176206721436	-0.1021325331243061	0.0177810612899904	0.1052441680628490	0.9942874327618549
B1_K00184.tiff	4.579.904.194.137.060.000.000	75.536.243.142.622.200.000.000	5.860.954.689.436.530.000	-64.452.896.668.082.800	12.712.678.675.867.000	-272.437.943.500.510.000	0.8888478938348038	-0.4570984382113817	0.0317874096168471	0.4576649467625814	0.8823072958647529	-0.1098937312526585	0.0221859895032260	0.1122267946995885	0.9934349140337374
B1_K00185.tiff	4.579.232.331.996.000.000.000	75.536.653.621.171.700.000.000	5.856.268.409.888.180.000	-54.537.049.451.795.600	-0.4866915958794925	-265.313.881.347.192.000	0.8946575107482726	-0.4439437098251889	0.0500192059948312	0.4466718995661002	0.8910004258824738	-0.0812554934466733	-0.0084942686393052	0.0950380112581229	0.9954374032637029
B1_K00186.tiff	4.579.314.384.729.460.000.000	75.536.823.654.038.200.000.000	5.860.306.659.443.060.000	-61.645.796.729.515.000	-13.516.122.169.482.700	-271.996.540.940.364.000	0.8891716670107068	-0.4521965566369837	0.0699429821430024	0.4569653791819575	0.8854339081461348	-0.0847905450752173	-0.0235878955078876	0.1073548716673717	0.9939409151024981
B1_K00187.tiff	4.579.302.508.279.520.000.000	75.536.935.712.633.500.000.000	5.859.944.733.490.530.000	-27.727.842.466.732.400	-44.514.568.249.625.200	667.882.846.273.197.000	0.3929409260627867	0.9194585762449768	-0.0139052218421722	-0.9162823948673992	0.3902176975985129	-0.0903145687969534	-0.0776144411883767	0.0482294002707445	0.9958162096835641
B1_K00188.tiff	4.579.165.527.844.030.000.000	75.536.997.266.965.400.000.000	5.854.539.943.804.810.000	-66.718.951.187.954.500	-53.113.298.147.019.700	672.257.343.515.553.000	0.3854394394200812	0.9199560604328170	-0.0715352040079925	-0.9180782644565438	0.3745636069281338	-0.1297474650906405	-0.0925674828003564	0.1156847061539158	0.9889632500199832
B1_K00189.tiff	4.579.005.808.915.620.000.000	75.537.018.653.325.500.000.000	5.843.537.298.045.990.000	-33.059.860.844.100.100	0.5504745388065294	1.561.588.407.140.570.000	-0.9146273246049009	0.4040365606773796	-0.0145366681903192	-0.4041838122439128	-0.9129233967230166	0.0566243554990904	0.0096074453450842	0.0576656687440981	0.9982897212944932
B1_K00190.tiff	4.578.923.375.324.020.000.000	75.536.896.315.052.600.000.000	5.838.415.984.999.810.000	-0.8509364387808517	-28.743.149.308.667.100	1.566.967.445.175.930.000	-0.9172684703547270	0.3948700982300324	-0.0519245492701119	-0.3951000002481756	-0.9186172244457472	-0.0061955431952280	-0.0501452200811945	0.0148324129998046	0.9986317922175380
B1_K00191.tiff	4.578.851.491.177.220.000.000	75.536.727.488.829.900.000.000	5.842.665.901.470.510.000	-35.443.494.665.883.300	-31.382.431.220.337.600	1.569.125.817.303.070.000	-0.9185280918414881	0.3882717132379931	-0.0745065178173610	-0.3915470564833098	-0.9194752198328411	0.0354432316896315	-0.0547452925582729	0.0617284117127820	0.9965904656026596
B1_K00192.tiff	4.578.761.434.992.680.000.000	75.536.530.699.983.600.000.000	5.844.147.617.716.790.000	-27.538.245.281.134.000	-22.157.000.496.731.100	1.572.683.241.120.990.000	-0.9216350340932999	0.3842565581183690	-0.0541826676610399	-0.3861271070789686	-0.9219772474407926	0.0293906852646678	-0.0386616232285832	0.0480088819337063	0.9980984050407085
B1_K00193.tiff	4.578.672.167.075.930.000.000	75.536.365.084.907.900.000.000	5.844.285.571.269.480.000	-0.5871287525548758	-32.822.850.064.296.700	1.570.023.280.180.650.000	-0.9190106759759759	0.3901331404544525	-0.0567054685310552	-0.3900528196502789	-0.9207016198786133	-0.0129354178813470	-0.0572553519336588	0.0102303407589599	0.9983071495300974
B1_K00194.tiff	4.578.579.841.716.710.000.000	75.536.180.366.647.400.000.000	5.845.048.854.898.070.000	-0.5721669414570147	-31.304.171.300.347.700	1.566.195.954.562.540.000	-0.9165207412505741	0.3963136540099764	-0.0540852891529557	-0.3962418429103676	-0.9180610351226027	-0.0125035081721351	-0.0546089075563101	0.0099711300701497	0.9984580330592920
B1_K00195.tiff	4.578.502.208.702.920.000.000	75.536.009.992.592.300.000.000	5.840.978.034.903.280.000	0.0837553235135593	-45.510.465.594.504.700	1.566.432.214.137.320.000	-0.9151593647872425	0.3965615257386723	-0.0722654367317278	-0.3952054543999631	-0.9180069895604414	-0.0327996330878029	-0.0793472485643318	-0.0014571966209139	0.9968459714134769
B1_K00196.tiff	4.578.417.108.005.090.000.000	75.535.853.862.814.800.000.000	5.829.791.826.813.670.000	-129.322.905.298.069.000	27.235.527.527.443.000	1.146.433.752.089.920.000	-0.4164980040153462	0.8903003043903669	-0.1841053520505389	-0.9078940143714379	-0.3967269465663054	0.1354111832039402	0.0475170634588029	0.2235466346662284	0.9735342987330524
B1_K00197.tiff	4.578.318.735.197.500.000.000	75.535.843.112.207.300.000.000	5.841.452.344.324.080.000	-68.681.579.811.877.800	-55.261.144.971.523.700	657.547.318.719.689.000	0.4087350488968302	0.9099818325292411	-0.0697762443101531	-0.9075583066326003	0.3971965340692544	-0.1362821829350365	-0.0962994281679474	0.1190293148350243	0.9882097157711165
B1_K00198.tiff	4.578.159.168.168.640.000.000	75.535.917.823.373.700.000.000	5.843.993.825.389.120.000	-42.764.357.521.334.800	-80.639.730.792.219.900	670.941.180.336.417.000	0.3853699469798338	0.9226522553345784	-0.0142414778297683	-0.9120372215258646	0.3784993508982705	-0.1578808028892972	-0.1402786887454445	0.0738312745088665	0.9873554741774895
B1_K00199.tiff	4.578.069.523.388.770.000.000	75.536.000.411.634.600.000.000	5.852.359.993.890.120.000	-60.750.129.446.067.000	0.7167111913888937	-225.528.215.580.333.000	0.9234540870858410	-0.3826037041900149	0.0291024841643431	0.3835049971947416	0.9178322718802201	-0.1025077451798407	0.0125086438560562	0.1058221443520845	0.9943063952291611
B1_K00200.tiff	4.578.125.637.408.440.000.000	75.536.138.857.217.600.000.000	5.857.584.930.990.540.000	-66.452.492.498.714.900	0.0957099007592387	-236.746.612.794.631.000	0.9158389850386426	-0.3990221385202039	0.0449475967561327	0.4015422307467919	0.9096097376862180	-0.1066487788645522	0.0016704521181303	0.1157214676590874	0.9932802985625697
B1_K00201.tiff	4.578.214.862.466.970.000.000	75.536.308.198.736.600.000.000	5.855.825.156.764.420.000	-72.345.189.659.687.400	-0.1891726654578599	-249.466.717.055.478.000	0.9066958061583060	-0.4180397955515465	0.0560842618758670	0.4217722300068922	0.8996578811671201	-0.1128001899329161	-0.0033016798683324	0.1259302433457105	0.9920336046328959
B1_K00202.tiff	4.578.301.345.960.730.000.000	75.536.492.473.734.100.000.000	5.858.748.937.474.530.000	-66.794.522.315.337.200	-0.9401493918786962	-260.351.129.112.169.000	0.8984042687270903	-0.4342278412295218	0.0656959042413717	0.4388627901561967	0.8932640981682607	-0.0973586274552099	-0.0164079660305720	0.1162988943403740	0.9930787208605095
B1_K00203.tiff	4.578.387.511.699.950.000.000	75.536.678.175.156.200.000.000	5.860.332.128.924.880.000	-59.332.442.454.090.700	-19.140.847.276.556.400	-262.792.189.775.205.000	0.8961467747761687	-0.4372784249189927	0.0755548619126253	0.4424989719026146	0.8933723812891184	-0.0779772288231619	-0.0334008671055122	0.1033119908344405	0.9940880316281974
B1_K00204.tiff	4.578.483.550.098.730.000.000	75.536.866.172.693.600.000.000	5.862.196.524.029.750.000	-58.170.475.039.136.500	-12.308.882.118.376.300	-261.284.520.203.076.000	0.8976018283015136	-0.4361626390740518	0.0638209221630218	0.4402834397317247	0.8941446207296754	-0.0815836375640731	-0.0214813995768661	0.1013289173737861	0.9946210333469103
B1_K00205.tiff	4.578.568.240.237.600.000.000	75.537.037.871.152.600.000.000	5.858.509.805.410.190.000	-61.157.259.388.816.400	-10.414.566.871.739.600	-261.292.828.260.588.000	0.8976543016889144	-0.4361531531788949	0.0631441337852920	0.4403253265877122	0.8935457727157155	-0.0876901295887952	-0.0181758472928243	0.1065193833721474	0.9941444862499641
B1_K00206.tiff	4.578.626.773.114.910.000.000	75.537.195.308.917.400.000.000	5.850.328.981.060.820.000	-20.903.006.018.200.200	-98.000.366.119.253.100	673.461.118.336.470.000	0.3795430695707810	0.9246255137962224	0.0318546319687041	-0.9093819716603995	0.3791778091205840	-0.1710222754191944	-0.1702101288403070	0.0359422913513641	0.9847520823702683
B1_K00207.tiff	4.578.533.925.575.750.000.000	75.537.264.411.858.300.000.000	5.845.812.527.654.940.000	-34.307.799.469.277.200	-59.336.342.745.720.900	673.396.012.101.030.000	0.3832041674582281	0.9235341602657355	-0.0154667664658666	-0.9178604894274448	0.3788690867423188	-0.1182807552353843	-0.1033764382761280	0.0595220121745265	0.9928597293052215
B1_K00208.tiff	4.578.346.690.107.350.000.000	75.537.325.541.533.700.000.000	5.838.378.868.643.240.000	-0.0628273290616446	0.0177067991075399	798.220.330.309.223.000	0.1767062474254331	0.9842629813201389	-0.0011338975322917	-0.9842635859432684	0.1767064831724856	0.0001104124571885	0.0003090419394965	0.0010965434802470	0.9999993510425271
B1_K00209.tiff	4.578.228.583.338.100.000.000	75.537.262.450.061.400.000.000	5.820.316.334.717.590.000	32.046.933.188.047.300	-34.467.994.378.272.300	1.565.726.307.745.900.000	-0.9159049842519456	0.4000484283350203	-0.0328529269491179	-0.3968670288333091	-0.9147936233830886	-0.0751610806379322	-0.0601217202636898	-0.0558021648712702	0.9966300703612218
B1_K00210.tiff	4.578.156.853.074.440.000.000	75.537.104.035.651.500.000.000	5.821.259.143.480.840.000	0.6098967735769016	-62.583.256.894.269.600	1.565.268.759.406.930.000	-0.9117806901054338	0.3993606372712043	-0.0957447364046533	-0.3959450783963500	-0.9167328522298763	-0.0531824457521889	-0.1090113207174705	-0.0105810699276470	0.9939841914812424
B1_K00211.tiff	4.578.072.639.446.290.000.000	75.536.924.581.917.900.000.000	5.818.698.639.828.250.000	0.4183007040207666	-57.759.651.523.612.400	1.567.585.603.254.270.000	-0.9141851866469150	0.3952711702995497	-0.0895887629413971	-0.3926031667589899	-0.9185357598522181	-0.0464199453201047	-0.1006389485545152	-0.0072635943397861	0.9948964982505008
